,ts_code,trade_date,open,high,low,close,pre_close,change,pct_chg,vol,amount
0,002460.SZ,20210324,93.1,94.0,89.29,90.37,93.73,-3.36,-3.5848,237676.04,2158361.689
1,002460.SZ,20210323,96.42,96.42,91.29,93.73,96.85,-3.12,-3.2215,286246.29,2670503.656
2,002460.SZ,20210322,96.21,98.9,94.0,96.85,96.77,0.08,0.0827,216487.15,2089781.735
3,002460.SZ,20210319,98.6,99.23,94.32,96.77,102.0,-5.23,-5.1275,333753.25,3220396.737
4,002460.SZ,20210318,102.09,104.97,100.96,102.0,102.26,-0.26,-0.2543,273816.98,2807498.613
5,002460.SZ,20210317,96.0,103.2,94.7,102.26,96.55,5.71,5.914,398643.33,4012877.549
6,002460.SZ,20210316,99.0,99.53,91.65,96.55,99.0,-2.45,-2.4747,315513.13,2988581.479
7,002460.SZ,20210315,97.99,104.9,96.2,99.0,99.11,-0.11,-0.111,364528.66,3655564.202
8,002460.SZ,20210312,100.0,102.15,98.0,99.11,98.8,0.31,0.3138,298448.21,2975927.098
9,002460.SZ,20210311,96.33,101.5,94.65,98.8,96.03,2.77,2.8845,346538.23,3410396.359
10,002460.SZ,20210310,95.0,98.3,94.81,96.03,91.45,4.58,5.0082,430095.08,4150917.18
11,002460.SZ,20210309,91.01,96.05,86.37,91.45,90.08,1.37,1.5209,463256.71,4246449.246
12,002460.SZ,20210308,99.21,99.5,88.68,90.08,98.5,-8.42,-8.5482,419543.75,3929985.465
13,002460.SZ,20210305,93.01,100.2,93.01,98.5,97.37,1.13,1.1605,431046.43,4213243.853
14,002460.SZ,20210304,104.22,104.26,97.07,97.37,107.85,-10.48,-9.7172,438574.93,4342541.148
15,002460.SZ,20210303,102.46,109.3,100.74,107.85,102.46,5.39,5.2606,328791.54,3479746.924
16,002460.SZ,20210302,106.1,107.8,100.25,102.46,104.41,-1.95,-1.8676,296923.18,3067466.836
17,002460.SZ,20210301,102.01,106.56,99.85,104.41,99.02,5.39,5.4433,358503.76,3707083.235
18,002460.SZ,20210226,101.01,102.5,97.55,99.02,107.8,-8.78,-8.1447,485915.63,4846403.329
19,002460.SZ,20210225,112.5,113.51,105.18,107.8,109.75,-1.95,-1.7768,375079.54,4089261.961
20,002460.SZ,20210224,121.0,123.33,109.74,109.75,121.93,-12.18,-9.9893,493487.95,5645955.094
21,002460.SZ,20210223,125.09,128.2,120.01,121.93,131.49,-9.56,-7.2705,362557.35,4482170.055
22,002460.SZ,20210222,132.0,138.0,129.8,131.49,129.65,1.84,1.4192,418027.47,5611681.694
23,002460.SZ,20210219,131.99,132.9,123.65,129.65,137.0,-7.35,-5.365,360077.84,4639100.263
24,002460.SZ,20210218,142.35,144.99,130.31,137.0,133.99,3.01,2.2464,526549.04,7197090.094
25,002460.SZ,20210210,131.01,134.8,126.05,133.99,130.6,3.39,2.5957,319677.53,4192863.406
26,002460.SZ,20210209,125.18,131.5,122.5,130.6,120.66,9.94,8.238,357745.3,4580220.542
27,002460.SZ,20210208,115.25,122.57,113.0,120.66,111.96,8.7,7.7706,370951.04,4375683.106
28,002460.SZ,20210205,124.17,126.0,111.7,111.96,123.99,-12.03,-9.7024,522934.36,6168734.961
29,002460.SZ,20210204,129.9,132.01,121.62,123.99,130.62,-6.63,-5.0758,364145.01,4592447.622
30,002460.SZ,20210203,130.26,135.9,127.4,130.62,130.73,-0.11,-0.0841,355623.54,4677761.65
31,002460.SZ,20210202,122.97,130.73,120.03,130.73,120.49,10.24,8.4986,383187.95,4824356.453
32,002460.SZ,20210201,122.57,125.74,117.1,120.49,119.8,0.69,0.576,356135.06,4313433.135
33,002460.SZ,20210129,132.0,132.1,116.41,119.8,129.34,-9.54,-7.3759,485327.95,5942499.202
34,002460.SZ,20210128,131.99,136.49,128.18,129.34,137.0,-7.66,-5.5912,296477.45,3909134.844
35,002460.SZ,20210127,137.3,138.8,127.96,137.0,137.4,-0.4,-0.2911,365641.2,4878720.461
36,002460.SZ,20210126,140.02,144.0,133.16,137.4,140.0,-2.6,-1.8571,355276.74,4918622.754
37,002460.SZ,20210125,137.79,149.3,137.01,140.0,139.55,0.45,0.3225,532532.8,7589424.033
38,002460.SZ,20210122,126.01,139.87,125.16,139.55,127.8,11.75,9.1941,504770.74,6734319.612
39,002460.SZ,20210121,124.95,131.58,122.0,127.8,126.98,0.82,0.6458,408457.44,5147666.249
40,002460.SZ,20210120,129.0,131.69,124.19,126.98,125.59,1.39,1.1068,370384.75,4754604.435
41,002460.SZ,20210119,134.1,137.53,122.19,125.59,135.75,-10.16,-7.4843,465653.41,6054602.517
42,002460.SZ,20210118,126.9,138.51,123.95,135.75,131.2,4.55,3.468,350484.94,4596798.426
43,002460.SZ,20210115,121.0,132.99,118.18,131.2,121.88,9.32,7.6469,411941.48,5180802.804
44,002460.SZ,20210114,122.5,128.45,118.03,121.88,126.12,-4.24,-3.3619,389890.3,4774345.547
45,002460.SZ,20210113,137.6,143.13,124.66,126.12,137.91,-11.79,-8.5491,581416.04,7764009.893
46,002460.SZ,20210112,122.0,137.96,117.61,137.91,126.25,11.66,9.2356,471087.04,6126113.719
47,002460.SZ,20210111,129.86,136.0,122.12,126.25,123.67,2.58,2.0862,531641.33,6898170.348
48,002460.SZ,20210108,128.0,128.0,113.7,123.67,126.0,-2.33,-1.8492,480101.61,5751112.502
49,002460.SZ,20210107,121.0,128.0,118.51,126.0,120.85,5.15,4.2615,385689.87,4782280.531
50,002460.SZ,20210106,120.2,124.39,114.83,120.85,118.5,2.35,1.9831,343217.08,4094818.329
51,002460.SZ,20210105,113.0,119.8,108.11,118.5,111.32,7.18,6.4499,379549.93,4313308.772
52,002460.SZ,20210104,104.99,111.32,103.06,111.32,101.2,10.12,10.0,374293.86,4026159.131
53,002460.SZ,20201231,99.98,104.37,99.61,101.2,101.0,0.2,0.198,326831.05,3313952.73
54,002460.SZ,20201230,97.3,102.78,97.28,101.0,96.31,4.69,4.8697,409467.79,4107199.198
55,002460.SZ,20201229,105.99,106.78,96.31,96.31,107.01,-10.7,-9.9991,432933.16,4295166.173
56,002460.SZ,20201228,109.12,109.99,103.11,107.01,108.88,-1.87,-1.7175,368201.55,3918567.599
57,002460.SZ,20201225,98.98,108.88,97.9,108.88,98.98,9.9,10.002,354914.9,3685720.012
58,002460.SZ,20201224,98.46,100.82,94.66,98.98,96.53,2.45,2.5381,309192.39,3046840.426
59,002460.SZ,20201223,93.01,98.31,93.01,96.53,92.3,4.23,4.5829,347017.08,3328469.255
60,002460.SZ,20201222,93.51,98.35,91.49,92.3,93.5,-1.2,-1.2834,390767.67,3688323.162
61,002460.SZ,20201221,90.5,94.09,88.24,93.5,89.4,4.1,4.5861,400536.29,3660060.693
62,002460.SZ,20201218,83.57,90.11,82.95,89.4,83.3,6.1,7.3229,407664.38,3552414.242
63,002460.SZ,20201217,83.0,85.88,82.13,83.3,83.15,0.15,0.1804,260761.69,2189019.06
64,002460.SZ,20201216,83.21,84.22,82.49,83.15,83.5,-0.35,-0.4192,184620.47,1536330.815
65,002460.SZ,20201215,82.06,83.56,80.68,83.5,82.05,1.45,1.7672,213149.32,1754535.087
66,002460.SZ,20201214,79.0,82.33,76.75,82.05,78.7,3.35,4.2567,246305.7,1970513.482
67,002460.SZ,20201211,80.01,80.77,76.76,78.7,79.0,-0.3,-0.3797,213234.29,1675863.788
68,002460.SZ,20201210,79.14,80.55,77.49,79.0,80.0,-1.0,-1.25,203630.8,1610697.411
69,002460.SZ,20201209,83.13,85.65,79.2,80.0,82.24,-2.24,-2.7237,356190.41,2952037.56
70,002460.SZ,20201208,80.88,83.8,80.03,82.24,79.8,2.44,3.0576,251594.75,2066567.519
71,002460.SZ,20201207,78.02,81.4,77.8,79.8,78.02,1.78,2.2815,273904.3,2185746.685
72,002460.SZ,20201204,75.11,78.53,75.11,78.02,74.76,3.26,4.3606,268703.4,2072028.865
73,002460.SZ,20201203,75.18,76.02,73.0,74.76,75.45,-0.69,-0.9145,173492.61,1291479.467
74,002460.SZ,20201202,77.75,78.71,74.8,75.45,78.32,-2.87,-3.6645,254915.62,1931992.8
75,002460.SZ,20201201,77.0,78.87,76.15,78.32,78.2,0.12,0.1535,173715.78,1349418.083
76,002460.SZ,20201130,77.21,79.8,75.25,78.2,77.25,0.95,1.2298,282880.56,2207820.758
77,002460.SZ,20201127,79.12,80.49,75.11,77.25,79.75,-2.5,-3.1348,237433.45,1835126.532
78,002460.SZ,20201126,80.01,81.13,76.68,79.75,79.47,0.28,0.3523,234535.91,1844953.685
79,002460.SZ,20201125,82.7,82.8,78.9,79.47,83.22,-3.75,-4.5061,284016.12,2286142.101
80,002460.SZ,20201124,82.4,84.94,80.51,83.22,81.3,1.92,2.3616,347210.14,2872019.269
81,002460.SZ,20201123,75.84,81.31,75.4,81.3,75.49,5.81,7.6964,370353.74,2929003.934
82,002460.SZ,20201120,72.5,75.99,72.0,75.49,72.6,2.89,3.9807,308886.49,2292393.735
83,002460.SZ,20201119,71.6,72.8,69.14,72.6,70.8,1.8,2.5424,318825.09,2266250.471
84,002460.SZ,20201118,77.31,78.5,69.88,70.8,77.14,-6.34,-8.2188,454760.24,3312638.726
85,002460.SZ,20201117,79.15,82.2,75.3,77.14,78.42,-1.28,-1.6322,397028.77,3140159.887
86,002460.SZ,20201116,73.91,79.03,73.1,78.42,74.01,4.41,5.9587,334060.32,2558558.522
87,002460.SZ,20201113,75.0,75.8,72.5,74.01,72.98,1.03,1.4113,298089.02,2217301.442
88,002460.SZ,20201112,73.0,74.47,71.8,72.98,71.76,1.22,1.7001,222057.44,1625060.712
89,002460.SZ,20201111,71.3,74.79,71.0,71.76,72.63,-0.87,-1.1979,306010.27,2232863.143
90,002460.SZ,20201110,75.98,75.98,71.51,72.63,76.48,-3.85,-5.034,368858.84,2701231.503
91,002460.SZ,20201109,75.07,78.65,73.35,76.48,75.1,1.38,1.8375,389513.47,2938702.187
92,002460.SZ,20201106,72.0,76.97,70.5,75.1,72.2,2.9,4.0166,522904.99,3874736.871
93,002460.SZ,20201105,68.51,73.85,68.18,72.2,68.4,3.8,5.5556,450346.2,3192827.529
94,002460.SZ,20201104,65.01,69.2,65.01,68.4,65.65,2.75,4.1889,385721.16,2611932.791
95,002460.SZ,20201103,65.06,66.4,62.66,65.65,64.24,1.41,2.1949,370604.34,2399645.794
96,002460.SZ,20201102,61.17,64.78,60.32,64.24,60.82,3.42,5.6232,299449.65,1886149.161
97,002460.SZ,20201030,63.0,63.0,59.93,60.82,63.5,-2.68,-4.2205,306130.03,1879392.797
98,002460.SZ,20201029,62.0,63.77,61.6,63.5,63.58,-0.08,-0.1258,230563.62,1446353.721
99,002460.SZ,20201028,62.8,64.55,62.28,63.58,62.21,1.37,2.2022,388701.65,2469582.683
100,002460.SZ,20201027,58.8,63.12,58.73,62.21,58.41,3.8,6.5057,393215.04,2424164.667
101,002460.SZ,20201026,56.49,59.12,55.6,58.41,58.24,0.17,0.2919,202544.95,1166349.833
102,002460.SZ,20201023,58.5,61.3,58.0,58.24,58.21,0.03,0.0515,303446.84,1817329.181
103,002460.SZ,20201022,58.13,58.85,56.5,58.21,58.48,-0.27,-0.4617,156062.94,901747.284
104,002460.SZ,20201021,58.6,59.05,57.77,58.48,58.9,-0.42,-0.7131,150351.36,877628.001
105,002460.SZ,20201020,57.6,59.05,56.12,58.9,57.4,1.5,2.6132,198930.54,1152100.596
106,002460.SZ,20201019,57.31,58.3,56.85,57.4,57.13,0.27,0.4726,157351.28,908466.981
107,002460.SZ,20201016,58.82,59.3,57.04,57.13,58.7,-1.57,-2.6746,173421.95,1001038.567
108,002460.SZ,20201015,59.3,60.66,58.61,58.7,58.45,0.25,0.4277,305705.65,1825427.456
109,002460.SZ,20201014,59.0,59.37,57.91,58.45,59.45,-1.0,-1.6821,184072.09,1077523.906
110,002460.SZ,20201013,57.02,59.45,56.11,59.45,57.47,1.98,3.4453,299942.2,1745596.06
111,002460.SZ,20201012,58.06,59.12,56.67,57.47,56.66,0.81,1.4296,278801.98,1609712.161
112,002460.SZ,20201009,57.8,58.38,56.32,56.66,54.19,2.47,4.558,303776.29,1744508.815
113,002460.SZ,20200930,54.73,55.4,53.7,54.19,54.73,-0.54,-0.9867,154815.9,844264.065
114,002460.SZ,20200929,53.0,55.3,52.81,54.73,51.5,3.23,6.2718,242829.37,1320110.917
115,002460.SZ,20200928,52.44,52.8,51.48,51.5,51.9,-0.4,-0.7707,98425.21,513009.113
116,002460.SZ,20200925,51.58,52.56,50.89,51.9,50.53,1.37,2.7113,168757.63,874222.169
117,002460.SZ,20200924,52.3,53.07,50.49,50.53,53.54,-3.01,-5.622,250139.47,1285712.491
118,002460.SZ,20200923,54.21,54.8,52.2,53.54,53.91,-0.37,-0.6863,198832.46,1063285.756
119,002460.SZ,20200922,54.61,55.15,53.51,53.91,55.23,-1.32,-2.39,199698.57,1083640.579
120,002460.SZ,20200921,56.19,57.4,54.6,55.23,55.8,-0.57,-1.0215,280651.75,1566833.333
121,002460.SZ,20200918,53.68,56.08,53.43,55.8,53.65,2.15,4.0075,298750.71,1644577.017
122,002460.SZ,20200917,52.7,54.72,52.39,53.65,53.21,0.44,0.8269,266433.21,1433655.006
123,002460.SZ,20200916,51.5,54.68,51.1,53.21,52.3,0.91,1.74,323361.33,1709184.166
124,002460.SZ,20200915,50.0,52.3,49.29,52.3,49.16,3.14,6.3873,346546.07,1789815.471
125,002460.SZ,20200914,47.81,50.85,47.81,49.16,47.17,1.99,4.2188,284269.54,1409291.473
126,002460.SZ,20200911,46.86,47.39,46.36,47.17,46.85,0.32,0.683,128037.7,601143.295
127,002460.SZ,20200910,48.56,49.15,46.71,46.85,48.05,-1.2,-2.4974,150324.94,721473.951
128,002460.SZ,20200909,49.0,49.28,47.56,48.05,50.08,-2.03,-4.0535,160519.28,776565.265
129,002460.SZ,20200908,49.06,50.6,47.75,50.08,49.06,1.02,2.0791,149859.79,740236.566
130,002460.SZ,20200907,50.8,51.59,48.5,49.06,50.6,-1.54,-3.0435,166045.56,830828.928
131,002460.SZ,20200904,50.01,50.9,49.59,50.6,51.51,-0.91,-1.7666,127767.73,640785.094
132,002460.SZ,20200903,52.48,52.59,51.04,51.51,52.78,-1.27,-2.4062,142104.69,733935.915
133,002460.SZ,20200902,53.03,53.19,51.8,52.78,52.47,0.31,0.5908,178904.61,939617.306
134,002460.SZ,20200901,50.96,53.8,49.5,52.47,50.51,1.96,3.8804,322522.96,1679168.0
135,002460.SZ,20200831,51.74,52.08,50.49,50.51,51.4,-0.89,-1.7315,148790.11,761054.506
136,002460.SZ,20200828,50.98,51.58,50.4,51.4,51.08,0.32,0.6265,131118.01,669026.378
137,002460.SZ,20200827,49.88,51.2,49.47,51.08,49.23,1.85,3.7579,171826.96,868559.594
138,002460.SZ,20200826,52.55,52.57,48.9,49.23,52.55,-3.32,-6.3178,281690.71,1418351.956
139,002460.SZ,20200825,53.99,54.0,52.38,52.55,53.35,-0.8,-1.4995,123601.78,656430.503
140,002460.SZ,20200824,52.6,53.85,51.78,53.35,51.8,1.55,2.9923,187621.83,993411.794
141,002460.SZ,20200821,52.2,53.44,51.18,51.8,52.14,-0.34,-0.6521,156696.76,819468.857
142,002460.SZ,20200820,53.5,53.5,51.84,52.14,54.21,-2.07,-3.8185,210682.73,1102853.988
143,002460.SZ,20200819,55.6,56.07,54.0,54.21,55.52,-1.31,-2.3595,167739.41,917149.036
144,002460.SZ,20200818,56.5,56.7,55.26,55.52,55.38,0.14,0.2528,161557.55,902443.197
145,002460.SZ,20200817,54.7,55.39,53.8,55.38,54.7,0.68,1.2431,178509.5,977548.808
146,002460.SZ,20200814,55.79,56.25,53.71,54.7,55.77,-1.07,-1.9186,176139.6,962301.796
147,002460.SZ,20200813,57.0,57.49,55.63,55.77,57.8,-2.03,-3.5121,217625.08,1225014.231
148,002460.SZ,20200812,55.1,58.32,53.36,57.8,54.1,3.7,6.8392,337282.16,1883520.532
149,002460.SZ,20200811,54.5,56.25,53.97,54.1,54.4,-0.3,-0.5515,214076.63,1183911.667
150,002460.SZ,20200810,55.55,55.56,53.0,54.4,56.08,-1.68,-2.9957,227259.73,1230816.237
151,002460.SZ,20200807,56.8,57.75,54.98,56.08,57.3,-1.22,-2.1291,170201.28,957607.369
152,002460.SZ,20200806,57.91,58.5,56.4,57.3,58.15,-0.85,-1.4617,196502.17,1122168.695
153,002460.SZ,20200805,58.42,58.9,55.36,58.15,58.77,-0.62,-1.055,358475.8,2049658.178
154,002460.SZ,20200804,58.3,60.36,58.01,58.77,57.29,1.48,2.5833,373733.43,2212257.418
155,002460.SZ,20200803,56.2,57.29,55.8,57.29,55.96,1.33,2.3767,230027.45,1303641.303
156,002460.SZ,20200731,55.7,57.27,55.07,55.96,55.27,0.69,1.2484,205252.48,1150548.643
157,002460.SZ,20200730,57.4,57.59,54.92,55.27,57.0,-1.73,-3.0351,238736.66,1327663.043
158,002460.SZ,20200729,55.09,57.28,54.65,57.0,55.6,1.4,2.518,228562.06,1285511.369
159,002460.SZ,20200728,55.43,57.68,54.88,55.6,54.33,1.27,2.3376,275023.61,1549324.638
160,002460.SZ,20200727,55.33,55.36,52.61,54.33,55.33,-1.0,-1.8073,258138.9,1398263.77
161,002460.SZ,20200724,60.0,60.0,55.33,55.33,61.48,-6.15,-10.0033,512070.75,2912100.157
162,002460.SZ,20200723,60.1,61.5,58.42,61.48,61.54,-0.06,-0.0975,265443.45,1596530.423
163,002460.SZ,20200722,61.5,62.6,61.28,61.54,61.94,-0.4,-0.6458,189344.86,1172565.173
164,002460.SZ,20200721,63.0,64.45,61.41,62.24,61.8,0.44,0.712,244338.86,1532466.033
165,002460.SZ,20200720,61.83,62.72,59.3,61.8,60.55,1.25,2.0644,255162.08,1568639.554
166,002460.SZ,20200717,60.01,61.97,58.69,60.55,59.34,1.21,2.0391,264824.41,1601625.744
167,002460.SZ,20200716,63.86,64.49,59.0,59.34,63.83,-4.49,-7.0343,333848.43,2061703.689
168,002460.SZ,20200715,66.0,66.1,59.85,63.83,64.56,-0.73,-1.1307,442624.86,2784354.849
169,002460.SZ,20200714,68.0,68.0,64.0,64.56,69.87,-5.31,-7.5998,466237.34,3063120.186
170,002460.SZ,20200713,66.0,69.94,65.5,69.87,64.19,5.68,8.8487,441317.12,2999492.755
171,002460.SZ,20200710,64.67,65.38,63.61,64.19,64.68,-0.49,-0.7576,290554.72,1876850.949
172,002460.SZ,20200709,63.45,66.5,63.45,64.68,64.57,0.11,0.1704,326011.8,2108979.488
173,002460.SZ,20200708,64.68,65.0,62.31,64.57,64.9,-0.33,-0.5085,433550.38,2767451.548
174,002460.SZ,20200707,62.83,64.9,61.73,64.9,59.0,5.9,10.0,488352.17,3129621.562
175,002460.SZ,20200706,56.9,60.02,56.26,59.0,56.99,2.01,3.5269,425664.35,2476998.995
176,002460.SZ,20200703,57.0,58.13,56.28,56.99,56.0,0.99,1.7679,283036.2,1622150.295
177,002460.SZ,20200702,54.6,57.36,54.45,56.0,54.69,1.31,2.3953,325622.75,1824629.71
178,002460.SZ,20200701,54.48,55.4,54.01,54.69,53.57,1.12,2.0907,299385.09,1640811.276
179,002460.SZ,20200630,53.62,54.6,53.43,53.57,53.49,0.08,0.1496,205839.9,1108836.207
180,002460.SZ,20200629,53.51,54.39,52.8,53.49,54.03,-0.54,-0.9994,207281.5,1108146.79
181,002460.SZ,20200624,55.64,55.64,53.8,54.03,55.65,-1.62,-2.9111,239250.33,1301277.201
182,002460.SZ,20200623,55.6,56.1,54.61,55.65,55.6,0.05,0.0899,243152.57,1343074.738
183,002460.SZ,20200622,54.64,57.07,54.51,55.6,54.5,1.1,2.0183,349225.18,1949996.539
184,002460.SZ,20200619,54.18,55.68,53.7,54.5,54.16,0.34,0.6278,409587.24,2244234.341
185,002460.SZ,20200618,51.63,54.65,51.49,54.16,52.0,2.16,4.1538,433751.85,2319069.215
186,002460.SZ,20200617,53.3,53.52,51.38,52.0,52.15,-0.15,-0.2876,296275.3,1554237.713
187,002460.SZ,20200616,50.86,52.58,50.36,52.15,49.86,2.29,4.5929,371828.12,1913424.21
188,002460.SZ,20200615,49.84,51.35,49.15,49.86,50.26,-0.4,-0.7959,293354.31,1474244.924
189,002460.SZ,20200612,50.0,50.74,49.6,50.26,51.63,-1.37,-2.6535,269739.22,1353724.082
190,002460.SZ,20200611,53.0,53.77,51.15,51.63,51.56,0.07,0.1358,425259.52,2240977.966
191,002460.SZ,20200610,51.85,51.97,50.76,51.56,52.04,-0.48,-0.9224,209966.73,1079654.209
192,002460.SZ,20200609,51.0,52.42,50.52,52.04,50.06,1.98,3.9553,342356.28,1763446.886
193,002460.SZ,20200608,50.0,51.29,49.85,50.06,50.19,-0.13,-0.259,208688.96,1050679.14
194,002460.SZ,20200605,49.79,50.24,49.16,50.19,50.57,-0.38,-0.7514,176777.34,878794.653
195,002460.SZ,20200604,50.3,51.72,50.11,50.57,49.98,0.59,1.1805,260835.98,1329085.727
196,002460.SZ,20200603,51.0,51.0,49.47,49.98,50.6,-0.62,-1.2253,232245.06,1162716.057
197,002460.SZ,20200602,52.3,52.88,50.38,50.6,51.48,-0.88,-1.7094,285521.23,1459114.604
198,002460.SZ,20200601,50.4,52.36,49.12,51.48,49.5,1.98,4.0,360678.6,1843521.662
199,002460.SZ,20200529,49.31,50.68,48.3,49.5,48.53,0.97,1.9988,367053.21,1820400.402
200,002460.SZ,20200528,47.58,49.3,46.78,48.53,47.98,0.55,1.1463,264658.08,1279655.602
201,002460.SZ,20200527,48.8,50.25,47.65,47.98,48.75,-0.77,-1.5795,266825.47,1306171.967
202,002460.SZ,20200526,48.02,48.82,47.66,48.75,47.3,1.45,3.0655,224567.91,1086431.166
203,002460.SZ,20200525,46.98,47.63,46.26,47.3,47.35,-0.05,-0.1056,165538.57,777608.019
204,002460.SZ,20200522,48.88,48.95,46.3,47.35,49.07,-1.72,-3.5052,298570.13,1419065.663
205,002460.SZ,20200521,52.0,52.14,49.0,49.07,51.55,-2.48,-4.8109,406980.26,2033972.078
206,002460.SZ,20200520,51.4,53.88,50.97,51.55,49.92,1.63,3.2652,557206.46,2930671.572
207,002460.SZ,20200519,50.5,51.3,49.53,49.92,49.96,-0.04,-0.0801,284072.02,1428981.785
208,002460.SZ,20200518,51.0,51.8,49.5,49.96,51.3,-1.34,-2.6121,294064.31,1486020.561
209,002460.SZ,20200515,49.6,52.08,48.85,51.3,49.05,2.25,4.5872,438871.34,2232574.955
210,002460.SZ,20200514,49.98,50.23,48.88,49.05,50.36,-1.31,-2.6013,257079.53,1269029.361
211,002460.SZ,20200513,48.6,52.48,48.13,50.36,49.3,1.06,2.1501,374784.5,1907272.472
212,002460.SZ,20200512,48.72,49.62,47.94,49.3,48.77,0.53,1.0867,283031.23,1386353.312
213,002460.SZ,20200511,49.6,49.99,47.88,48.77,49.64,-0.87,-1.7526,350947.58,1711357.357
214,002460.SZ,20200508,50.4,52.72,48.35,49.64,50.4,-0.76,-1.5079,552862.7,2768574.254
215,002460.SZ,20200507,48.86,51.21,48.82,50.4,48.95,1.45,2.9622,452446.42,2277929.014
216,002460.SZ,20200506,46.01,49.85,45.78,48.95,46.31,2.64,5.7007,460041.86,2232960.804
217,002460.SZ,20200430,44.58,46.85,44.58,46.31,42.88,3.43,7.9991,548224.78,2502318.431
218,002460.SZ,20200429,42.83,43.97,42.5,42.88,42.84,0.04,0.0934,289641.98,1252072.596
219,002460.SZ,20200428,42.61,43.48,40.82,42.84,41.8,1.04,2.488,357262.07,1516766.323
220,002460.SZ,20200427,42.29,42.8,41.09,41.8,42.3,-0.5,-1.182,235848.64,989470.621
221,002460.SZ,20200424,41.11,44.15,41.1,42.3,41.3,1.0,2.4213,415050.87,1778799.826
222,002460.SZ,20200423,43.05,43.08,41.06,41.3,42.54,-1.24,-2.9149,276437.22,1159960.933
223,002460.SZ,20200422,41.02,42.8,40.65,42.54,42.6,-0.06,-0.1408,324725.63,1356729.468
224,002460.SZ,20200421,43.14,43.99,42.03,42.6,44.12,-1.52,-3.4451,374274.3,1600017.584
225,002460.SZ,20200420,44.09,44.45,42.71,44.12,44.51,-0.39,-0.8762,371605.55,1622851.392
226,002460.SZ,20200417,44.8,46.19,43.88,44.51,43.72,0.79,1.807,621749.44,2794960.288
227,002460.SZ,20200416,43.65,44.42,42.6,43.72,43.52,0.2,0.4596,463448.57,2024361.901
228,002460.SZ,20200415,43.11,44.98,42.28,43.52,42.12,1.4,3.3238,804093.54,3519408.95
229,002460.SZ,20200414,39.2,42.12,39.03,42.12,38.29,3.83,10.0026,534392.93,2195731.802
230,002460.SZ,20200413,38.86,39.33,38.01,38.29,39.65,-1.36,-3.43,299542.04,1153677.845
231,002460.SZ,20200410,42.5,42.5,39.49,39.65,41.75,-2.1,-5.0299,324276.24,1317622.977
232,002460.SZ,20200409,43.0,43.13,41.53,41.75,42.7,-0.95,-2.2248,241822.39,1018684.016
233,002460.SZ,20200408,42.6,43.58,42.03,42.7,43.28,-0.58,-1.3401,325794.47,1392506.372
234,002460.SZ,20200407,42.77,43.3,42.02,43.28,41.51,1.77,4.264,418950.1,1788132.725
235,002460.SZ,20200403,42.99,43.55,41.11,41.51,43.02,-1.51,-3.51,398584.02,1681433.573
236,002460.SZ,20200402,41.22,43.1,40.65,43.02,41.64,1.38,3.3141,433887.12,1816568.927
237,002460.SZ,20200401,40.89,43.89,39.85,41.64,40.25,1.39,3.4534,710363.95,2983888.057
238,002460.SZ,20200331,39.22,40.88,38.6,40.25,38.8,1.45,3.7371,503256.07,1999261.241
239,002460.SZ,20200330,38.3,39.34,36.0,38.8,39.76,-0.96,-2.4145,499060.56,1895747.022
240,002460.SZ,20200327,41.71,41.89,39.52,39.76,40.83,-1.07,-2.6206,350372.74,1412293.501
241,002460.SZ,20200326,41.56,41.88,40.67,40.83,42.35,-1.52,-3.5891,425985.96,1755430.716
242,002460.SZ,20200325,40.6,42.56,40.29,42.35,39.11,3.24,8.2843,646323.0,2694654.35
243,002460.SZ,20200324,37.48,39.8,36.8,39.11,36.38,2.73,7.5041,622966.86,2402392.621
244,002460.SZ,20200323,38.86,38.86,36.33,36.38,40.37,-3.99,-9.8836,492445.97,1837330.54
245,002460.SZ,20200320,42.0,42.57,39.02,40.37,40.61,-0.24,-0.591,412241.45,1679353.671
246,002460.SZ,20200319,41.5,41.8,38.6,40.61,41.05,-0.44,-1.0719,512284.5,2053376.177
247,002460.SZ,20200318,42.02,44.09,40.88,41.05,41.47,-0.42,-1.0128,501248.94,2121715.843
248,002460.SZ,20200317,43.0,44.38,39.8,41.47,43.2,-1.73,-4.0046,626852.26,2611674.732
249,002460.SZ,20200316,48.0,48.01,43.2,43.2,48.0,-4.8,-10.0,516926.83,2320776.84
250,002460.SZ,20200313,46.76,49.0,46.02,48.0,49.73,-1.73,-3.4788,390207.04,1851558.221
251,002460.SZ,20200312,49.39,50.1,47.84,49.73,51.07,-1.34,-2.6238,375260.75,1835383.616
252,002460.SZ,20200311,52.5,53.38,51.0,51.07,52.31,-1.24,-2.3705,360455.11,1877693.008
253,002460.SZ,20200310,50.0,52.48,48.51,52.31,50.15,2.16,4.3071,471325.64,2391200.898
254,002460.SZ,20200309,52.4,53.87,49.65,50.15,54.2,-4.05,-7.4723,512193.49,2619917.132
255,002460.SZ,20200306,52.25,56.5,52.12,54.2,54.05,0.15,0.2775,433652.16,2379090.906
256,002460.SZ,20200305,55.5,55.88,52.9,54.05,55.08,-1.03,-1.87,407498.97,2198524.468
257,002460.SZ,20200304,54.65,55.84,53.22,55.08,54.75,0.33,0.6027,372264.25,2036186.273
258,002460.SZ,20200303,55.04,57.75,54.16,54.75,53.3,1.45,2.7205,537487.97,3001753.957
259,002460.SZ,20200302,53.18,54.69,51.15,53.3,51.98,1.32,2.5394,545613.0,2909711.505
260,002460.SZ,20200228,53.41,55.1,51.0,51.98,56.53,-4.55,-8.0488,673313.53,3572284.513
261,002460.SZ,20200227,60.5,60.5,56.0,56.53,59.07,-2.54,-4.3,558831.6,3220979.317
262,002460.SZ,20200226,61.18,63.21,57.9,59.07,60.49,-1.42,-2.3475,973549.82,5884130.667
263,002460.SZ,20200225,53.96,60.49,53.77,60.49,54.99,5.5,10.0018,825476.82,4783799.25
264,002460.SZ,20200224,56.5,56.86,52.0,54.99,57.68,-2.69,-4.6637,938421.13,5100233.049
265,002460.SZ,20200221,58.39,59.28,57.4,57.68,58.87,-1.19,-2.0214,609376.01,3554686.757
266,002460.SZ,20200220,59.6,59.99,57.0,58.87,58.33,0.54,0.9258,580228.07,3410752.191
267,002460.SZ,20200219,61.5,62.66,57.95,58.33,60.22,-1.89,-3.1385,679910.04,4064512.324
268,002460.SZ,20200218,61.8,63.0,57.5,60.22,62.0,-1.78,-2.871,742147.36,4485783.3
269,002460.SZ,20200217,57.77,62.01,57.71,62.0,57.78,4.22,7.3036,634668.93,3775872.118
270,002460.SZ,20200214,60.86,62.36,57.45,57.78,59.49,-1.71,-2.8744,772017.8,4627389.426
271,002460.SZ,20200213,61.36,64.26,58.42,59.49,58.44,1.05,1.7967,981343.95,6016421.933
272,002460.SZ,20200212,52.05,58.44,52.04,58.44,53.13,5.31,9.9944,495623.09,2807601.551
273,002460.SZ,20200211,54.2,54.58,51.1,53.13,51.63,1.5,2.9053,757975.13,4048353.525
274,002460.SZ,20200210,46.6,51.63,46.6,51.63,46.94,4.69,9.9915,680223.22,3463806.258
275,002460.SZ,20200207,46.1,47.47,45.03,46.94,46.93,0.01,0.0213,472808.09,2196549.826
276,002460.SZ,20200206,43.35,47.52,43.15,46.93,45.7,1.23,2.6915,745215.9,3401195.967
277,002460.SZ,20200205,45.1,47.22,44.52,45.7,42.93,2.77,6.4524,904905.66,4185944.582
278,002460.SZ,20200204,40.98,42.93,40.03,42.93,39.03,3.9,9.9923,688620.99,2907631.982
279,002460.SZ,20200203,39.03,40.99,39.03,39.03,43.37,-4.34,-10.0069,585891.22,2316283.749
280,002460.SZ,20200123,43.49,45.3,40.85,43.37,43.65,-0.28,-0.6415,590398.51,2553695.275
281,002460.SZ,20200122,41.2,44.44,41.15,43.65,41.3,2.35,5.6901,605510.11,2616971.756
282,002460.SZ,20200121,42.02,42.67,41.27,41.3,42.56,-1.26,-2.9605,292550.39,1223791.378
283,002460.SZ,20200120,41.56,43.29,40.6,42.56,41.84,0.72,1.7208,407137.23,1713395.473
284,002460.SZ,20200117,41.49,42.3,41.17,41.84,41.79,0.05,0.1196,367475.32,1531088.588
285,002460.SZ,20200116,41.78,42.98,41.08,41.79,42.1,-0.31,-0.7363,383866.48,1619492.493
286,002460.SZ,20200115,42.92,43.3,40.61,42.1,43.41,-1.31,-3.0177,509521.96,2138113.101
287,002460.SZ,20200114,42.45,44.97,42.0,43.41,41.58,1.83,4.4012,607636.43,2655547.808
288,002460.SZ,20200113,41.8,42.39,40.81,41.58,41.08,0.5,1.2171,403599.81,1675087.961
289,002460.SZ,20200110,40.2,41.48,39.67,41.08,40.89,0.19,0.4647,460877.21,1870824.838
290,002460.SZ,20200109,41.5,41.7,40.0,40.89,40.66,0.23,0.5657,451567.88,1844550.545
291,002460.SZ,20200108,40.03,42.56,38.75,40.66,39.98,0.68,1.7009,850346.08,3460242.147
292,002460.SZ,20200107,39.2,40.22,39.01,39.98,40.0,-0.02,-0.05,578103.92,2290997.377
293,002460.SZ,20200106,36.41,40.02,36.41,40.0,36.38,3.62,9.9505,961274.7,3768945.057
294,002460.SZ,20200103,35.28,37.01,34.87,36.38,35.46,0.92,2.5945,536578.28,1929748.138
295,002460.SZ,20200102,35.05,35.78,34.33,35.46,34.83,0.63,1.8088,441532.6,1554001.262
296,002460.SZ,20191231,34.25,35.74,33.98,34.83,34.25,0.58,1.6934,417102.1,1459113.89
297,002460.SZ,20191230,34.16,34.85,33.68,34.25,34.18,0.07,0.2048,408711.53,1399737.121
298,002460.SZ,20191227,35.4,36.15,34.15,34.18,35.24,-1.06,-3.0079,635272.67,2238965.938
299,002460.SZ,20191226,34.4,36.18,34.1,35.24,34.24,1.0,2.9206,536801.06,1892751.038
300,002460.SZ,20191225,33.82,34.7,33.35,34.24,34.3,-0.06,-0.1749,498658.75,1697256.672
301,002460.SZ,20191224,32.85,34.71,32.1,34.3,32.29,2.01,6.2248,726756.62,2426053.501
302,002460.SZ,20191223,30.98,33.04,30.31,32.29,31.14,1.15,3.693,603757.24,1945210.792
303,002460.SZ,20191220,31.4,32.32,30.93,31.14,31.07,0.07,0.2253,484022.95,1531972.304
304,002460.SZ,20191219,31.91,31.91,30.9,31.07,31.91,-0.84,-2.6324,363356.09,1135780.83
305,002460.SZ,20191218,32.87,32.88,31.16,31.91,32.14,-0.23,-0.7156,718827.35,2283548.515
306,002460.SZ,20191217,29.9,32.14,29.9,32.14,29.22,2.92,9.9932,720827.76,2277236.985
307,002460.SZ,20191216,29.2,29.88,28.52,29.22,28.74,0.48,1.6701,433826.1,1265482.17
308,002460.SZ,20191213,28.11,29.09,27.72,28.74,27.78,0.96,3.4557,454354.51,1299775.237
309,002460.SZ,20191212,28.82,29.11,27.71,27.78,27.67,0.11,0.3975,387835.36,1097924.622
310,002460.SZ,20191211,28.42,28.52,27.6,27.67,28.41,-0.74,-2.6047,320323.49,893009.35
311,002460.SZ,20191210,28.22,29.18,28.18,28.41,28.32,0.09,0.3178,268092.6,765060.635
312,002460.SZ,20191209,28.92,29.2,28.05,28.32,28.91,-0.59,-2.0408,346024.76,988231.006
313,002460.SZ,20191206,28.81,29.48,28.66,28.91,29.09,-0.18,-0.6188,234337.01,678510.799
314,002460.SZ,20191205,28.74,29.35,28.58,29.09,28.74,0.35,1.2178,395229.51,1145880.999
315,002460.SZ,20191204,27.7,29.12,27.65,28.74,27.92,0.82,2.937,463363.65,1327915.491
316,002460.SZ,20191203,26.81,27.92,26.61,27.92,26.96,0.96,3.5608,366784.9,998985.562
317,002460.SZ,20191202,27.68,27.97,26.78,26.96,27.75,-0.79,-2.8468,325085.53,885780.314
318,002460.SZ,20191129,27.3,27.97,26.87,27.75,27.5,0.25,0.9091,350225.89,961406.995
319,002460.SZ,20191128,27.42,28.11,27.12,27.5,27.4,0.1,0.365,345935.16,955317.762
320,002460.SZ,20191127,26.45,28.02,26.11,27.4,26.66,0.74,2.7757,631802.81,1718784.01
321,002460.SZ,20191126,25.5,26.74,25.01,26.66,25.68,0.98,3.8162,541503.07,1416809.799
322,002460.SZ,20191125,25.77,26.34,25.5,25.68,25.77,-0.09,-0.3492,354897.54,921146.104
323,002460.SZ,20191122,25.82,26.48,25.43,25.77,25.04,0.73,2.9153,602440.55,1562582.769
324,002460.SZ,20191121,25.64,25.65,24.9,25.04,25.38,-0.34,-1.3396,259947.15,654892.522
325,002460.SZ,20191120,25.46,25.84,25.1,25.38,25.45,-0.07,-0.275,510751.0,1301128.786
326,002460.SZ,20191119,23.35,25.65,23.31,25.45,23.5,1.95,8.2979,662215.54,1644994.331
327,002460.SZ,20191118,22.74,23.58,22.58,23.5,22.74,0.76,3.3421,198719.62,461208.752
328,002460.SZ,20191115,22.9,23.18,22.6,22.74,22.8,-0.06,-0.2632,162371.53,371028.122
329,002460.SZ,20191114,23.15,23.4,22.75,22.8,23.05,-0.25,-1.0846,174521.0,401456.804
330,002460.SZ,20191113,23.28,23.31,22.8,23.05,23.39,-0.34,-1.4536,159687.82,368131.301
331,002460.SZ,20191112,23.46,23.68,23.12,23.39,23.41,-0.02,-0.0854,163977.09,383604.001
332,002460.SZ,20191111,23.82,24.4,23.2,23.41,23.98,-0.57,-2.377,290601.26,688892.656
333,002460.SZ,20191108,23.8,24.47,23.57,23.98,23.44,0.54,2.3038,431396.3,1038287.005
334,002460.SZ,20191107,23.62,23.81,23.18,23.44,23.58,-0.14,-0.5937,309081.76,726332.706
335,002460.SZ,20191106,23.5,24.65,23.38,23.58,23.32,0.26,1.1149,546232.76,1308900.093
336,002460.SZ,20191105,22.99,23.78,22.6,23.32,22.7,0.62,2.7313,407007.34,945128.558
337,002460.SZ,20191104,22.42,23.12,22.22,22.7,22.18,0.52,2.3445,253210.06,575652.06
338,002460.SZ,20191101,21.79,22.3,21.75,22.18,21.81,0.37,1.6965,113679.18,251565.103
339,002460.SZ,20191031,21.79,21.96,21.56,21.81,21.78,0.03,0.1377,76847.39,166959.7
340,002460.SZ,20191030,21.83,22.28,21.73,21.78,21.96,-0.18,-0.8197,99085.2,217959.314
341,002460.SZ,20191029,21.73,22.34,21.61,21.96,21.8,0.16,0.7339,166580.78,365964.081
342,002460.SZ,20191028,21.5,21.85,21.19,21.8,21.48,0.32,1.4898,126965.43,274539.576
343,002460.SZ,20191025,21.35,21.63,21.05,21.48,21.35,0.13,0.6089,100293.48,215106.639
344,002460.SZ,20191024,21.4,21.78,21.27,21.35,21.42,-0.07,-0.3268,111583.4,239837.867
345,002460.SZ,20191023,22.05,22.16,21.39,21.42,22.17,-0.75,-3.3829,173453.17,375388.931
346,002460.SZ,20191022,22.22,22.38,22.08,22.17,22.19,-0.02,-0.0901,79044.4,175400.58
347,002460.SZ,20191021,22.23,22.39,22.02,22.19,22.35,-0.16,-0.7159,85271.84,189103.423
348,002460.SZ,20191018,22.13,22.57,22.01,22.35,22.13,0.22,0.9941,157609.97,351324.868
349,002460.SZ,20191017,22.0,22.44,22.0,22.13,22.01,0.12,0.5452,98383.86,218540.186
350,002460.SZ,20191016,22.46,22.63,22.01,22.01,22.48,-0.47,-2.0907,116632.62,260379.926
351,002460.SZ,20191015,22.59,22.75,22.21,22.48,22.88,-0.4,-1.7483,144397.93,324238.398
352,002460.SZ,20191014,22.47,22.88,22.36,22.88,22.29,0.59,2.6469,181607.46,412638.145
353,002460.SZ,20191011,22.55,22.6,22.15,22.29,22.66,-0.37,-1.6328,125425.68,280262.332
354,002460.SZ,20191010,22.99,23.1,22.52,22.66,22.5,0.16,0.7111,148176.41,337354.771
355,002460.SZ,20191009,22.34,22.73,22.07,22.5,22.56,-0.06,-0.266,141682.43,316424.076
356,002460.SZ,20191008,22.33,22.84,22.0,22.56,22.56,0.0,0.0,165023.4,370497.528
357,002460.SZ,20190930,22.94,23.35,22.39,22.56,22.95,-0.39,-1.6993,182047.75,417154.35
358,002460.SZ,20190927,23.39,23.47,22.84,22.95,23.18,-0.23,-0.9922,236807.55,547214.986
359,002460.SZ,20190926,24.0,24.48,23.13,23.18,24.36,-1.18,-4.844,446556.67,1063033.743
360,002460.SZ,20190925,22.93,24.99,22.71,24.36,22.92,1.44,6.2827,736404.56,1767026.302
361,002460.SZ,20190924,22.75,23.12,22.6,22.92,22.76,0.16,0.703,183718.52,420265.454
362,002460.SZ,20190923,22.85,23.18,22.56,22.76,22.97,-0.21,-0.9142,196587.09,449787.406
363,002460.SZ,20190920,23.08,23.17,22.75,22.97,23.17,-0.2,-0.8632,232985.22,534338.749
364,002460.SZ,20190919,22.35,23.28,22.35,23.17,22.33,0.84,3.7618,346307.4,793195.557
365,002460.SZ,20190918,22.52,22.59,22.03,22.33,22.46,-0.13,-0.5788,135228.99,301327.771
366,002460.SZ,20190917,22.78,22.78,22.19,22.46,22.83,-0.37,-1.6207,178277.73,400230.527
367,002460.SZ,20190916,22.74,23.08,22.62,22.83,22.47,0.36,1.6021,209816.06,478934.195
368,002460.SZ,20190912,22.55,22.65,22.23,22.47,22.32,0.15,0.672,162551.39,365162.6
369,002460.SZ,20190911,23.08,23.29,22.28,22.32,22.83,-0.51,-2.2339,265469.27,603759.554
370,002460.SZ,20190910,22.68,23.56,22.51,22.83,22.73,0.1,0.4399,355826.44,821516.85
371,002460.SZ,20190909,22.2,22.77,22.09,22.73,22.04,0.69,3.1307,297856.6,670056.087
372,002460.SZ,20190906,22.2,22.28,21.88,22.04,22.13,-0.09,-0.4067,190751.0,420228.663
373,002460.SZ,20190905,21.8,22.33,21.74,22.13,21.9,0.23,1.0502,388431.7,856745.317
374,002460.SZ,20190904,21.13,22.05,21.05,21.9,21.24,0.66,3.1073,425054.77,920390.085
375,002460.SZ,20190903,21.16,21.34,20.98,21.24,21.3,-0.06,-0.2817,160191.75,339049.91
376,002460.SZ,20190902,21.07,21.49,20.98,21.3,20.85,0.45,2.1583,189237.6,402572.703
377,002460.SZ,20190830,21.16,21.16,20.78,20.85,21.0,-0.15,-0.7143,148106.57,309878.232
378,002460.SZ,20190829,21.3,21.31,20.92,21.0,21.35,-0.35,-1.6393,145349.7,306097.431
379,002460.SZ,20190828,21.81,22.03,21.33,21.35,21.82,-0.47,-2.154,189998.75,410572.674
380,002460.SZ,20190827,21.56,21.88,21.4,21.82,21.53,0.29,1.347,219573.12,476545.176
381,002460.SZ,20190826,20.8,21.92,20.7,21.53,21.3,0.23,1.0798,236455.85,505710.017
382,002460.SZ,20190823,21.6,21.68,21.21,21.3,21.9,-0.6,-2.7397,214988.64,461238.897
383,002460.SZ,20190822,20.83,21.9,20.7,21.9,20.76,1.14,5.4913,381891.66,818784.922
384,002460.SZ,20190821,21.02,21.15,20.71,20.76,21.16,-0.4,-1.8904,151438.03,315721.414
385,002460.SZ,20190820,21.19,21.55,21.07,21.16,21.24,-0.08,-0.3766,186210.75,396509.284
386,002460.SZ,20190819,20.92,21.24,20.62,21.24,20.64,0.6,2.907,224860.53,470380.58
387,002460.SZ,20190816,20.53,20.98,20.44,20.64,20.6,0.04,0.1942,125450.54,260173.636
388,002460.SZ,20190815,20.47,20.73,20.13,20.6,20.97,-0.37,-1.7644,158927.05,324481.373
389,002460.SZ,20190814,21.12,21.27,20.89,20.97,20.85,0.12,0.5755,125785.9,264820.366
390,002460.SZ,20190813,20.9,21.14,20.82,20.85,21.23,-0.38,-1.7899,94480.79,197726.461
391,002460.SZ,20190812,21.0,21.23,20.65,21.23,20.98,0.25,1.1916,121507.03,253224.853
392,002460.SZ,20190809,21.44,21.65,20.92,20.98,21.3,-0.32,-1.5023,122862.64,261188.258
393,002460.SZ,20190808,21.95,22.0,21.24,21.3,21.68,-0.38,-1.7528,150312.39,322528.109
394,002460.SZ,20190807,22.03,22.3,21.42,21.68,20.89,0.79,3.7817,232699.48,506129.101
395,002460.SZ,20190806,21.01,21.57,20.49,20.89,21.98,-1.09,-4.9591,233502.91,489933.462
396,002460.SZ,20190805,22.62,22.85,21.95,21.98,22.85,-0.87,-3.8074,225507.1,503097.136
397,002460.SZ,20190802,22.72,23.45,22.6,22.85,23.19,-0.34,-1.4661,300154.47,689872.69
398,002460.SZ,20190801,21.87,23.73,21.79,23.19,22.11,1.08,4.8847,413536.39,952631.953
399,002460.SZ,20190731,22.27,22.28,21.84,22.11,22.27,-0.16,-0.7185,122688.78,270164.104
400,002460.SZ,20190730,22.18,22.45,22.18,22.27,22.2,0.07,0.3153,90212.69,201578.537
401,002460.SZ,20190729,22.25,22.43,22.15,22.2,22.34,-0.14,-0.6267,77456.69,172320.243
402,002460.SZ,20190726,21.95,22.43,21.83,22.34,21.98,0.36,1.6379,117728.35,261483.299
403,002460.SZ,20190725,22.4,22.4,22.03,22.28,22.31,-0.03,-0.1345,89898.03,199687.936
404,002460.SZ,20190724,22.05,22.42,22.05,22.31,22.0,0.31,1.4091,83478.89,186091.758
405,002460.SZ,20190723,21.88,22.07,21.85,22.0,21.88,0.12,0.5484,58355.07,128338.388
406,002460.SZ,20190722,22.77,22.81,21.85,21.88,22.63,-0.75,-3.3142,150858.85,333659.996
407,002460.SZ,20190719,22.53,22.86,22.53,22.63,22.52,0.11,0.4885,79702.84,181108.205
408,002460.SZ,20190718,22.63,22.85,22.51,22.52,22.68,-0.16,-0.7055,87687.51,198827.994
409,002460.SZ,20190717,22.67,22.84,22.45,22.68,22.67,0.01,0.0441,91640.32,207912.325
410,002460.SZ,20190716,22.8,23.05,22.5,22.67,22.92,-0.25,-1.0908,135788.81,308632.075
411,002460.SZ,20190715,23.34,23.34,22.22,22.92,23.76,-0.84,-3.5354,265895.82,605161.523
412,002460.SZ,20190712,23.62,23.9,23.59,23.76,23.6,0.16,0.678,84327.08,200363.978
413,002460.SZ,20190711,23.62,23.95,23.43,23.6,23.46,0.14,0.5968,102256.59,242374.673
414,002460.SZ,20190710,23.87,23.88,23.32,23.46,23.89,-0.43,-1.7999,114618.3,269558.269
415,002460.SZ,20190709,23.55,23.97,23.54,23.89,23.58,0.31,1.3147,135420.91,322025.868
416,002460.SZ,20190708,24.46,24.46,23.5,23.58,24.58,-1.0,-4.0683,199848.87,475625.119
417,002460.SZ,20190705,24.75,24.93,24.55,24.58,24.6,-0.02,-0.0813,128012.12,316905.231
418,002460.SZ,20190704,24.71,25.03,24.5,24.6,24.71,-0.11,-0.4452,161047.41,398590.796
419,002460.SZ,20190703,25.15,25.15,24.62,24.71,25.28,-0.57,-2.2547,285568.14,709628.814
420,002460.SZ,20190702,24.46,25.5,24.22,25.28,24.37,0.91,3.7341,535184.81,1338710.677
421,002460.SZ,20190701,23.9,24.43,23.65,24.37,23.43,0.94,4.012,292063.54,703842.962
422,002460.SZ,20190628,23.81,23.81,23.3,23.43,23.81,-0.38,-1.596,108578.5,254818.893
423,002460.SZ,20190627,23.78,24.06,23.74,23.81,23.82,-0.01,-0.042,142007.48,338852.592
424,002460.SZ,20190626,23.46,24.18,23.28,23.82,23.49,0.33,1.4049,173524.22,413877.066
425,002460.SZ,20190625,23.99,24.03,23.27,23.49,23.99,-0.5,-2.0842,143771.58,338457.297
426,002460.SZ,20190624,23.99,24.17,23.77,23.99,23.91,0.08,0.3346,134159.58,321331.443
427,002460.SZ,20190621,23.6,24.08,23.6,23.91,23.59,0.32,1.3565,192117.35,458988.603
428,002460.SZ,20190620,23.23,23.73,23.1,23.59,23.22,0.37,1.5935,172935.73,405725.66
429,002460.SZ,20190619,23.52,23.78,23.19,23.22,23.04,0.18,0.7813,146194.79,342780.684
430,002460.SZ,20190618,23.4,23.41,22.97,23.04,23.59,-0.55,-2.3315,172986.73,399397.876
431,002460.SZ,20190617,23.66,23.96,23.5,23.59,23.7,-0.11,-0.4641,86678.16,205521.124
432,002460.SZ,20190614,24.45,24.64,23.62,23.7,24.37,-0.67,-2.7493,165211.41,398572.306
433,002460.SZ,20190613,24.2,24.52,23.94,24.37,24.27,0.1,0.412,149655.61,362563.321
434,002460.SZ,20190612,24.36,24.89,24.17,24.27,24.39,-0.12,-0.492,213597.27,523841.247
435,002460.SZ,20190611,23.59,24.48,23.5,24.39,23.69,0.7,2.9548,221012.54,533279.786
436,002460.SZ,20190610,23.34,23.82,23.23,23.69,23.05,0.64,2.7766,136182.9,320813.537
437,002460.SZ,20190606,23.62,23.8,22.91,23.05,23.6,-0.55,-2.3305,125574.87,292372.214
438,002460.SZ,20190605,23.85,24.06,23.55,23.6,23.52,0.08,0.3401,104895.39,249616.293
439,002460.SZ,20190604,24.04,24.2,23.4,23.52,24.03,-0.51,-2.1223,142022.45,336224.186
440,002460.SZ,20190603,24.25,24.59,23.94,24.03,24.48,-0.45,-1.8382,160574.7,388115.192
441,002460.SZ,20190531,24.88,25.03,24.46,24.48,25.11,-0.63,-2.509,262899.22,650830.521
442,002460.SZ,20190530,24.03,25.38,23.73,25.11,24.18,0.93,3.8462,369996.26,910159.749
443,002460.SZ,20190529,24.15,24.55,23.91,24.18,24.15,0.03,0.1242,181730.56,441615.509
444,002460.SZ,20190528,23.77,24.58,23.76,24.15,23.76,0.39,1.6414,209515.09,505971.065
445,002460.SZ,20190527,23.31,23.86,23.09,23.76,23.12,0.64,2.7682,150932.0,355696.584
446,002460.SZ,20190524,23.15,23.59,23.1,23.12,23.26,-0.14,-0.6019,104599.14,243927.043
447,002460.SZ,20190523,23.92,23.95,23.17,23.26,23.96,-0.7,-2.9215,130159.97,305998.434
448,002460.SZ,20190522,24.5,24.56,23.9,23.96,24.44,-0.48,-1.964,148396.49,358553.847
449,002460.SZ,20190521,23.99,24.82,23.74,24.44,23.95,0.49,2.0459,234374.97,571533.981
450,002460.SZ,20190520,23.54,24.28,22.51,23.95,23.56,0.39,1.6553,198887.9,464985.19
451,002460.SZ,20190517,24.87,24.87,23.35,23.56,24.67,-1.11,-4.4994,230765.04,554091.754
452,002460.SZ,20190516,23.95,24.92,23.89,24.67,23.89,0.78,3.265,300375.57,738880.276
453,002460.SZ,20190515,23.82,23.99,23.62,23.89,23.53,0.36,1.53,148243.52,353205.764
454,002460.SZ,20190514,23.68,23.9,23.41,23.53,23.98,-0.45,-1.8766,127233.94,301209.061
455,002460.SZ,20190513,23.61,24.33,23.35,23.98,23.91,0.07,0.2928,194160.41,463753.908
456,002460.SZ,20190510,23.53,23.97,22.44,23.91,23.25,0.66,2.8387,214108.56,506091.299
457,002460.SZ,20190509,23.38,23.8,23.18,23.25,23.69,-0.44,-1.8573,140394.21,329745.181
458,002460.SZ,20190508,23.66,24.05,23.49,23.69,24.05,-0.36,-1.4969,146075.22,347833.082
459,002460.SZ,20190507,23.71,24.16,23.46,24.05,23.38,0.67,2.8657,204903.26,489419.315
460,002460.SZ,20190506,23.7,24.79,22.82,23.38,24.64,-1.26,-5.1136,288297.04,686030.936
461,002460.SZ,20190430,24.0,24.8,23.8,24.64,24.3,0.34,1.3992,167771.63,410948.805
462,002460.SZ,20190429,26.07,26.07,24.01,24.3,26.08,-1.78,-6.8252,338915.92,836812.713
463,002460.SZ,20190426,26.99,27.27,25.89,26.08,27.0,-0.92,-3.4074,241681.1,639107.818
464,002460.SZ,20190425,27.8,28.15,27.0,27.0,27.85,-0.85,-3.0521,212451.31,584800.093
465,002460.SZ,20190424,28.0,28.14,27.42,27.85,27.97,-0.12,-0.429,148561.72,412698.28
466,002460.SZ,20190423,27.86,28.26,27.25,27.97,27.85,0.12,0.4309,210893.12,583430.354
467,002460.SZ,20190422,28.59,28.7,27.76,27.85,28.53,-0.68,-2.3835,245138.92,688877.824
468,002460.SZ,20190419,28.5,28.6,28.06,28.53,28.67,-0.14,-0.4883,210502.66,596246.445
469,002460.SZ,20190418,29.49,29.8,28.51,28.67,29.37,-0.7,-2.3834,301410.26,874325.226
470,002460.SZ,20190417,28.93,29.87,28.76,29.37,28.71,0.66,2.2989,408813.8,1203556.666
471,002460.SZ,20190416,27.6,28.75,27.6,28.71,27.93,0.78,2.7927,268080.52,762062.23
472,002460.SZ,20190415,28.94,29.09,27.8,27.93,28.52,-0.59,-2.0687,277578.32,792368.306
473,002460.SZ,20190412,29.5,29.53,28.41,28.52,29.85,-1.33,-4.4556,418374.15,1203038.11
474,002460.SZ,20190411,29.23,30.81,29.13,29.85,29.27,0.58,1.9816,639757.45,1928138.396
475,002460.SZ,20190410,29.2,29.6,28.58,29.27,29.38,-0.11,-0.3744,339554.75,985030.656
476,002460.SZ,20190409,30.11,30.26,29.1,29.38,30.07,-0.69,-2.2946,394373.27,1162384.101
477,002460.SZ,20190408,31.42,31.44,29.73,30.07,29.44,0.63,2.1399,681652.65,2075019.068
478,002460.SZ,20190404,29.65,30.36,29.26,29.44,29.5,-0.06,-0.2034,542336.53,1614278.74
479,002460.SZ,20190403,29.25,29.99,29.09,29.5,29.74,-0.24,-0.807,385325.89,1139621.863
480,002460.SZ,20190402,29.18,30.68,28.41,29.74,28.98,0.76,2.6225,635686.44,1857907.436
481,002460.SZ,20190401,27.78,29.25,27.78,28.98,27.59,1.39,5.0381,532329.47,1521355.282
482,002460.SZ,20190329,26.84,27.68,26.46,27.59,26.71,0.88,3.2946,376911.73,1024631.014
483,002460.SZ,20190328,27.09,27.33,26.4,26.71,27.61,-0.9,-3.2597,377802.44,1016278.985
484,002460.SZ,20190327,28.92,29.4,26.68,27.61,28.86,-1.25,-4.3313,662225.4,1844195.028
485,002460.SZ,20190326,28.77,29.49,28.63,28.86,28.75,0.11,0.3826,352062.2,1020816.219
486,002460.SZ,20190325,28.71,29.53,28.61,28.75,29.58,-0.83,-2.8059,361361.61,1049148.07
487,002460.SZ,20190322,30.1,30.2,29.2,29.58,30.04,-0.46,-1.5313,370427.99,1097916.793
488,002460.SZ,20190321,29.95,30.63,29.71,30.04,30.0,0.04,0.1333,468731.62,1416218.818
489,002460.SZ,20190320,30.01,30.36,29.2,30.0,30.53,-0.53,-1.736,546268.74,1624135.877
490,002460.SZ,20190319,31.48,31.49,30.35,30.53,31.46,-0.93,-2.9561,581493.28,1788137.997
491,002460.SZ,20190318,30.89,32.45,30.6,31.46,31.03,0.43,1.3858,779154.61,2457219.852
492,002460.SZ,20190315,30.8,31.95,29.81,31.03,30.93,0.1,0.3233,907995.22,2793072.36
493,002460.SZ,20190314,29.8,32.0,29.15,30.93,29.64,1.29,4.3522,1380291.2,4282488.487
494,002460.SZ,20190313,26.78,29.64,26.78,29.64,26.95,2.69,9.9814,1189260.66,3377293.393
495,002460.SZ,20190312,27.18,27.46,26.51,26.95,26.83,0.12,0.4473,425658.67,1152221.725
496,002460.SZ,20190311,26.0,26.98,25.94,26.83,25.94,0.89,3.431,381027.49,1009866.057
497,002460.SZ,20190308,27.5,27.7,25.8,25.94,28.27,-2.33,-8.242,684855.27,1843988.333
498,002460.SZ,20190307,28.25,28.98,27.66,28.27,28.39,-0.12,-0.4227,670194.28,1901076.731
499,002460.SZ,20190306,27.46,28.86,27.33,28.39,27.49,0.9,3.2739,791064.4,2230149.197
500,002460.SZ,20190305,26.9,27.5,26.64,27.49,27.15,0.34,1.2523,473788.08,1279436.432
501,002460.SZ,20190304,26.98,28.17,26.85,27.15,26.96,0.19,0.7047,580456.56,1593662.386
502,002460.SZ,20190301,27.15,27.34,26.4,26.96,26.92,0.04,0.1486,317610.83,850400.718
503,002460.SZ,20190228,26.8,27.44,26.61,26.92,26.96,-0.04,-0.1484,283636.59,764420.559
504,002460.SZ,20190227,27.49,28.4,26.3,26.96,27.74,-0.78,-2.8118,646305.87,1773391.991
505,002460.SZ,20190226,26.8,29.37,26.08,27.74,26.8,0.94,3.5075,969484.1,2665905.135
506,002460.SZ,20190225,24.83,26.94,24.57,26.8,24.55,2.25,9.165,783978.05,2013524.727
507,002460.SZ,20190222,24.22,24.64,23.74,24.55,24.36,0.19,0.78,384631.49,930377.565
508,002460.SZ,20190221,24.53,25.04,24.18,24.36,24.5,-0.14,-0.5714,434803.79,1065973.706
509,002460.SZ,20190220,23.87,25.24,23.86,24.5,23.8,0.7,2.9412,533675.13,1318446.165
510,002460.SZ,20190219,24.2,24.29,23.3,23.8,24.09,-0.29,-1.2038,388399.83,926985.085
511,002460.SZ,20190218,23.22,24.15,23.21,24.09,23.23,0.86,3.7021,392976.96,935138.595
512,002460.SZ,20190215,23.24,24.23,23.08,23.23,23.35,-0.12,-0.5139,383074.79,902976.499
513,002460.SZ,20190214,23.29,23.45,22.85,23.35,23.2,0.15,0.6466,357113.83,830379.899
514,002460.SZ,20190213,22.0,23.62,21.88,23.2,22.11,1.09,4.9299,516394.72,1185469.01
515,002460.SZ,20190212,21.87,22.35,21.58,22.11,21.86,0.25,1.1436,324849.32,715141.061
516,002460.SZ,20190211,20.5,21.95,20.45,21.86,20.22,1.64,8.1108,286417.31,607701.338
517,002460.SZ,20190201,19.6,20.25,19.6,20.22,19.44,0.78,4.0123,184825.15,368474.41
518,002460.SZ,20190131,20.81,21.05,19.21,19.44,20.74,-1.3,-6.2681,305911.8,612078.49
519,002460.SZ,20190130,21.03,21.46,20.73,20.74,21.19,-0.45,-2.1236,154857.31,326373.093
520,002460.SZ,20190129,22.2,22.23,20.55,21.19,22.35,-1.16,-5.1902,249627.6,534299.359
521,002460.SZ,20190128,22.82,23.04,22.33,22.35,22.79,-0.44,-1.9307,170853.93,387969.929
522,002460.SZ,20190125,22.66,23.22,22.5,22.79,22.64,0.15,0.6625,262361.11,600425.86
523,002460.SZ,20190124,22.68,22.75,22.45,22.64,22.76,-0.12,-0.5272,130314.27,294743.913
524,002460.SZ,20190123,22.37,22.83,22.3,22.76,22.49,0.27,1.2005,162396.88,367948.701
525,002460.SZ,20190122,22.71,22.96,22.45,22.49,22.82,-0.33,-1.4461,153206.58,347429.824
526,002460.SZ,20190121,22.53,22.99,22.53,22.82,22.42,0.4,1.7841,216910.98,493879.363
527,002460.SZ,20190118,22.06,22.48,22.06,22.42,22.05,0.37,1.678,147194.19,328733.603
528,002460.SZ,20190117,22.48,22.53,22.02,22.05,22.44,-0.39,-1.738,124636.0,276814.725
529,002460.SZ,20190116,22.69,22.77,22.38,22.44,22.7,-0.26,-1.1454,125949.54,283819.329
530,002460.SZ,20190115,22.31,22.74,22.06,22.7,22.31,0.39,1.7481,172550.68,386088.714
531,002460.SZ,20190114,22.44,22.78,22.31,22.31,22.44,-0.13,-0.5793,118655.61,267358.971
532,002460.SZ,20190111,22.4,22.58,22.28,22.44,22.38,0.06,0.2681,103264.29,231222.822
533,002460.SZ,20190110,22.62,22.8,22.34,22.38,22.54,-0.16,-0.7098,144083.62,324953.308
534,002460.SZ,20190109,22.7,22.98,22.25,22.54,22.82,-0.28,-1.227,252423.19,571719.131
535,002460.SZ,20190108,22.75,23.06,22.54,22.82,22.84,-0.02,-0.0876,171144.44,390717.743
536,002460.SZ,20190107,22.89,22.89,22.53,22.84,22.61,0.23,1.0172,196474.77,446184.186
537,002460.SZ,20190104,21.74,22.62,21.65,22.61,21.98,0.63,2.8662,195346.73,435620.024
538,002460.SZ,20190103,21.7,22.29,21.7,21.98,21.95,0.03,0.1367,123319.46,271453.618
539,002460.SZ,20190102,22.12,22.35,21.85,21.95,22.08,-0.13,-0.5888,115557.0,254866.993
540,002460.SZ,20181228,22.16,22.35,21.77,22.08,21.99,0.09,0.4093,153970.16,339167.027
541,002460.SZ,20181227,23.01,23.08,21.93,21.99,22.54,-0.55,-2.4401,150546.57,340616.109
542,002460.SZ,20181226,22.69,23.05,22.51,22.54,22.69,-0.15,-0.6611,114089.57,259390.512
543,002460.SZ,20181225,22.7,22.87,22.03,22.69,23.09,-0.4,-1.7324,180000.61,403907.715
544,002460.SZ,20181224,22.99,23.25,22.86,23.09,23.06,0.03,0.1301,119276.61,274912.696
545,002460.SZ,20181221,24.11,24.12,22.81,23.06,24.19,-1.13,-4.6714,267758.71,624241.056
546,002460.SZ,20181220,24.15,24.51,24.1,24.19,24.23,-0.04,-0.1651,130651.25,317327.207
547,002460.SZ,20181219,24.56,24.7,24.15,24.23,24.74,-0.51,-2.0614,144310.08,351595.667
548,002460.SZ,20181218,24.22,24.98,23.8,24.74,24.44,0.3,1.2275,261902.85,639684.593
549,002460.SZ,20181217,24.25,24.85,24.25,24.44,24.46,-0.02,-0.0818,231447.06,567660.774
550,002460.SZ,20181214,25.3,25.8,24.1,24.46,25.48,-1.02,-4.0031,299185.84,751484.655
551,002460.SZ,20181213,25.75,25.94,25.2,25.48,25.69,-0.21,-0.8174,278210.96,712019.544
552,002460.SZ,20181212,25.6,26.11,25.46,25.69,25.5,0.19,0.7451,276348.65,714111.821
553,002460.SZ,20181211,25.63,25.7,25.14,25.5,25.43,0.07,0.2753,189518.71,481674.366
554,002460.SZ,20181210,25.45,25.68,25.18,25.43,25.71,-0.28,-1.0891,217928.67,554193.915
555,002460.SZ,20181207,26.15,26.25,25.4,25.71,26.07,-0.36,-1.3809,261006.5,670415.424
556,002460.SZ,20181206,26.17,26.58,25.88,26.07,26.46,-0.39,-1.4739,413074.32,1080679.972
557,002460.SZ,20181205,24.9,26.58,24.81,26.46,25.6,0.86,3.3594,606951.56,1574551.132
558,002460.SZ,20181204,25.61,25.86,25.24,25.6,25.88,-0.28,-1.0819,313554.23,800870.435
559,002460.SZ,20181203,26.0,26.44,25.3,25.88,25.3,0.58,2.2925,612673.14,1581966.938
560,002460.SZ,20181130,23.76,25.46,23.61,25.3,23.76,1.54,6.4815,545124.94,1356685.371
561,002460.SZ,20181129,24.8,24.98,23.63,23.76,24.65,-0.89,-3.6105,297099.04,727690.583
562,002460.SZ,20181128,24.08,24.65,23.74,24.65,24.07,0.58,2.4096,262784.27,639553.012
563,002460.SZ,20181127,23.65,24.49,23.59,24.07,23.4,0.67,2.8632,224359.33,538342.751
564,002460.SZ,20181126,23.68,23.94,23.23,23.4,23.7,-0.3,-1.2658,154016.69,363120.542
565,002460.SZ,20181123,25.13,25.37,23.65,23.7,25.31,-1.61,-6.3611,328573.85,799276.193
566,002460.SZ,20181122,25.77,26.12,25.27,25.31,25.66,-0.35,-1.364,273480.4,702028.714
567,002460.SZ,20181121,25.02,25.66,24.77,25.66,25.54,0.12,0.4699,284039.32,717154.508
568,002460.SZ,20181120,24.9,26.45,24.85,25.54,25.28,0.26,1.0285,436470.93,1118785.339
569,002460.SZ,20181119,25.15,25.39,24.75,25.28,25.31,-0.03,-0.1185,267142.37,668127.738
570,002460.SZ,20181116,25.01,25.57,24.8,25.31,24.9,0.41,1.6466,418009.44,1058619.431
571,002460.SZ,20181115,24.31,24.9,24.26,24.9,24.5,0.4,1.6327,250298.3,617741.814
572,002460.SZ,20181114,24.79,25.3,24.48,24.5,24.84,-0.34,-1.3688,337404.4,840005.725
573,002460.SZ,20181113,24.0,24.84,23.78,24.84,24.45,0.39,1.5951,339494.99,829669.32
574,002460.SZ,20181112,24.01,24.48,23.2,24.45,24.12,0.33,1.3682,276457.1,660162.274
575,002460.SZ,20181109,24.2,24.72,24.06,24.12,24.35,-0.23,-0.9446,168732.01,410597.588
576,002460.SZ,20181108,25.04,25.08,24.17,24.35,24.84,-0.49,-1.9726,269663.05,660367.068
577,002460.SZ,20181107,25.4,25.8,24.82,24.84,24.42,0.42,1.7199,514929.41,1303724.609
578,002460.SZ,20181106,25.0,25.09,24.2,24.42,25.28,-0.86,-3.4019,316836.39,776012.588
579,002460.SZ,20181105,25.0,25.88,24.82,25.28,25.37,-0.09,-0.3547,430239.7,1088439.021
580,002460.SZ,20181102,24.2,25.86,24.0,25.37,23.78,1.59,6.6863,586059.75,1453396.791
581,002460.SZ,20181101,23.7,24.26,23.46,23.78,23.6,0.18,0.7627,318896.41,761809.789
582,002460.SZ,20181031,23.42,24.05,23.35,23.6,23.32,0.28,1.2007,293946.69,696844.406
583,002460.SZ,20181030,22.11,23.38,22.11,23.32,22.64,0.68,3.0035,245160.06,565466.938
584,002460.SZ,20181029,23.23,23.44,22.57,22.64,23.49,-0.85,-3.6186,194560.1,445263.386
585,002460.SZ,20181026,23.93,24.42,23.43,23.49,23.55,-0.06,-0.2548,226068.02,539850.921
586,002460.SZ,20181025,22.95,23.67,22.5,23.55,23.88,-0.33,-1.3819,235314.51,543795.436
587,002460.SZ,20181024,23.25,24.3,23.01,23.88,23.69,0.19,0.802,261023.36,624490.426
588,002460.SZ,20181023,25.0,25.0,23.52,23.69,25.0,-1.31,-5.24,376612.79,911041.476
589,002460.SZ,20181022,23.8,25.37,23.66,25.0,23.61,1.39,5.8873,473465.24,1163027.3
590,002460.SZ,20181019,22.36,23.72,22.2,23.61,22.71,0.9,3.963,340888.63,792174.953
591,002460.SZ,20181018,22.69,23.33,21.88,22.71,22.96,-0.25,-1.0889,285011.7,647115.734
592,002460.SZ,20181017,24.48,24.66,21.7,22.96,24.0,-1.04,-4.3333,467343.19,1076855.999
593,002460.SZ,20181016,24.62,24.92,23.68,24.0,24.62,-0.62,-2.5183,308406.74,747159.053
594,002460.SZ,20181015,25.2,25.76,24.5,24.62,25.13,-0.51,-2.0294,320041.57,807470.485
595,002460.SZ,20181012,25.03,25.57,23.68,25.13,26.0,-0.87,-3.3462,512082.63,1268269.916
596,002460.SZ,20181011,26.0,27.18,26.0,26.0,28.89,-2.89,-10.0035,510070.04,1339641.523
597,002460.SZ,20181010,31.9,31.95,28.89,28.89,32.1,-3.21,-10.0,671263.53,1988667.608
598,002460.SZ,20181009,32.32,32.55,31.4,32.1,31.82,0.28,0.8799,287874.64,919740.316
599,002460.SZ,20181008,31.8,33.08,31.68,31.82,32.49,-0.67,-2.0622,425431.83,1373056.28
600,002460.SZ,20180928,32.45,32.7,31.58,32.49,32.76,-0.27,-0.8242,436260.83,1401799.902
601,002460.SZ,20180927,33.0,34.33,32.68,32.76,32.85,-0.09,-0.274,663921.06,2225454.893
602,002460.SZ,20180926,32.69,32.88,32.23,32.85,32.7,0.15,0.4587,481866.56,1572001.498
603,002460.SZ,20180925,32.0,32.76,31.8,32.7,32.02,0.68,2.1237,631898.75,2049456.714
604,002460.SZ,20180921,29.15,32.02,28.68,32.02,29.11,2.91,9.9966,604744.54,1873794.384
605,002460.SZ,20180920,29.02,29.69,29.02,29.11,28.67,0.44,1.5347,333367.02,978945.224
606,002460.SZ,20180919,28.6,29.1,28.31,28.67,28.85,-0.18,-0.6239,229473.09,659116.102
607,002460.SZ,20180918,27.7,28.85,27.52,28.85,27.81,1.04,3.7397,234459.26,663159.657
608,002460.SZ,20180917,28.25,28.25,27.39,27.81,28.59,-0.78,-2.7282,168638.07,467594.124
609,002460.SZ,20180914,28.98,29.77,28.51,28.59,28.78,-0.19,-0.6602,336705.96,984233.072
610,002460.SZ,20180913,29.25,29.36,28.39,28.78,28.7,0.08,0.2787,261553.62,754764.916
611,002460.SZ,20180912,27.56,28.95,27.37,28.7,27.54,1.16,4.2121,338473.92,957577.905
612,002460.SZ,20180911,27.49,27.71,27.05,27.54,27.55,-0.01,-0.0363,152768.57,417438.643
613,002460.SZ,20180910,27.4,28.18,27.13,27.55,27.29,0.26,0.9527,245408.74,680643.314
614,002460.SZ,20180907,27.88,28.13,27.1,27.29,27.68,-0.39,-1.409,204476.3,565039.147
615,002460.SZ,20180906,28.02,28.88,27.53,27.68,28.57,-0.89,-3.1152,250372.7,702075.071
616,002460.SZ,20180905,29.8,29.98,28.5,28.57,29.92,-1.35,-4.512,203486.64,594267.378
617,002460.SZ,20180904,30.13,30.32,29.12,29.92,30.13,-0.21,-0.697,188643.96,562384.263
618,002460.SZ,20180903,30.1,30.3,29.6,30.13,29.98,0.15,0.5003,117510.06,352297.72
619,002460.SZ,20180831,30.5,30.65,29.9,29.98,30.48,-0.5,-1.6404,145775.53,440831.502
620,002460.SZ,20180830,30.7,31.19,30.44,30.48,30.83,-0.35,-1.1353,122356.4,376799.126
621,002460.SZ,20180829,31.28,31.3,30.6,30.83,31.45,-0.62,-1.9714,181755.43,560696.767
622,002460.SZ,20180828,31.3,31.8,30.94,31.45,31.28,0.17,0.5435,243157.66,761773.377
623,002460.SZ,20180827,30.7,31.36,30.61,31.28,30.73,0.55,1.7898,193145.19,599838.903
624,002460.SZ,20180824,31.1,31.3,30.61,30.73,30.93,-0.2,-0.6466,137924.58,426750.06
625,002460.SZ,20180823,30.3,31.16,30.3,30.93,30.36,0.57,1.8775,175258.84,539640.326
626,002460.SZ,20180822,30.9,31.12,30.26,30.36,31.19,-0.83,-2.6611,167911.11,514106.847
627,002460.SZ,20180821,31.19,31.5,30.68,31.19,30.9,0.29,0.9385,222850.48,694634.014
628,002460.SZ,20180820,30.11,31.0,30.08,30.9,30.11,0.79,2.6237,189565.05,579131.162
629,002460.SZ,20180817,31.0,31.16,30.09,30.11,30.51,-0.4,-1.311,191093.99,586624.105
630,002460.SZ,20180816,30.48,31.2,29.75,30.51,31.51,-1.0,-3.1736,215202.26,658542.451
631,002460.SZ,20180815,32.48,32.87,31.4,31.51,31.88,-0.37,-1.1606,251949.48,810891.724
632,002460.SZ,20180814,32.38,32.48,31.57,31.88,32.34,-0.46,-1.4224,170993.68,546567.67
633,002460.SZ,20180813,31.5,32.4,31.02,32.34,32.04,0.3,0.9363,212430.26,672924.882
634,002460.SZ,20180810,31.7,32.34,31.64,32.04,31.82,0.22,0.6914,209105.67,668984.446
635,002460.SZ,20180809,31.41,32.31,31.41,31.82,31.25,0.57,1.824,249058.1,796046.345
636,002460.SZ,20180808,32.43,32.75,30.88,31.25,32.52,-1.27,-3.9053,266916.2,848144.999
637,002460.SZ,20180807,32.78,32.96,30.8,32.52,32.5,0.02,0.0615,318009.96,1017524.603
638,002460.SZ,20180806,35.17,35.39,31.71,32.5,35.18,-2.68,-7.618,333489.57,1108082.777
639,002460.SZ,20180803,35.93,36.74,35.18,35.18,36.14,-0.96,-2.6563,141583.55,509340.832
640,002460.SZ,20180802,36.66,36.92,34.34,36.14,37.18,-1.04,-2.7972,246991.29,887514.139
641,002460.SZ,20180801,37.1,38.21,36.8,37.18,36.85,0.33,0.8955,238536.54,893441.33
642,002460.SZ,20180731,37.9,37.93,36.5,36.85,37.73,-0.88,-2.3324,160210.33,593466.333
643,002460.SZ,20180730,36.96,38.21,36.41,37.73,36.71,1.02,2.7785,233625.32,874534.489
644,002460.SZ,20180727,37.12,37.21,36.33,36.71,37.12,-0.41,-1.1045,115390.0,424112.513
645,002460.SZ,20180726,37.5,38.15,36.82,37.12,37.92,-0.8,-2.1097,221856.36,824867.406
646,002460.SZ,20180725,38.92,39.48,37.74,37.92,39.01,-1.09,-2.7942,316085.82,1214446.31
647,002460.SZ,20180724,38.6,39.42,38.42,39.01,38.64,0.37,0.9576,262600.01,1026554.749
648,002460.SZ,20180723,37.89,38.7,37.64,38.64,38.03,0.61,1.604,217535.85,832426.792
649,002460.SZ,20180720,37.36,38.49,37.36,38.03,37.56,0.47,1.2513,213967.4,812435.942
650,002460.SZ,20180719,38.7,39.15,37.43,37.56,38.91,-1.35,-3.47,257611.58,981541.126
651,002460.SZ,20180718,40.2,40.2,38.89,38.91,40.13,-1.22,-3.04,258796.78,1023529.013
652,002460.SZ,20180717,39.15,40.39,38.6,40.13,39.06,1.07,2.74,334600.49,1322999.996
653,002460.SZ,20180716,40.01,40.22,38.94,39.06,40.22,-1.16,-2.88,309174.73,1215327.633
654,002460.SZ,20180713,39.6,40.66,39.42,40.22,39.89,0.33,0.83,385478.17,1548049.244
655,002460.SZ,20180712,39.16,40.39,38.8,39.89,39.25,0.64,1.63,434545.72,1724096.438
656,002460.SZ,20180711,37.79,40.41,37.18,39.25,38.99,0.26,0.67,465551.64,1817200.188
657,002460.SZ,20180710,38.7,39.54,38.2,38.99,38.75,0.24,0.62,386362.51,1500820.558
658,002460.SZ,20180709,37.9,38.82,37.31,38.75,37.87,0.88,2.32,395362.64,1504831.518
659,002460.SZ,20180706,35.99,38.8,35.68,37.87,35.73,2.14,5.99,505653.25,1897518.446
660,002460.SZ,20180705,35.61,37.13,35.52,35.73,35.61,0.12,0.34,274868.56,999644.621
661,002460.SZ,20180704,36.64,36.99,35.53,35.61,36.92,-1.31,-3.55,190985.34,689579.614
662,002460.SZ,20180703,37.6,37.8,34.7,36.92,37.58,-0.66,-1.76,320750.1,1165404.003
663,002460.SZ,20180702,38.19,38.72,37.05,37.58,38.58,-1.0,-2.59,251893.85,953409.806
664,002460.SZ,20180629,37.85,38.8,36.7,38.58,37.78,0.8,2.12,351923.15,1337910.947
665,002460.SZ,20180628,37.4,38.86,37.3,37.78,37.62,0.16,0.43,282596.84,1078988.092
666,002460.SZ,20180627,38.11,38.35,37.38,37.62,38.0,-0.38,-1.0,194926.68,736034.117
667,002460.SZ,20180626,36.5,38.45,36.42,38.0,37.56,0.44,1.17,276042.19,1044092.033
668,002460.SZ,20180625,37.34,38.7,36.71,37.56,36.74,0.82,2.23,422996.72,1604327.076
669,002460.SZ,20180622,33.8,37.14,33.34,36.74,34.06,2.68,7.87,398427.34,1427888.751
670,002460.SZ,20180621,36.02,36.45,33.87,34.06,36.15,-2.09,-5.78,276430.12,967881.136
671,002460.SZ,20180620,35.0,36.65,34.83,36.15,35.53,0.62,1.75,256858.58,921284.705
672,002460.SZ,20180619,38.45,38.68,35.53,35.53,39.48,-3.95,-10.01,393441.95,1444352.331
673,002460.SZ,20180615,39.56,40.2,39.12,39.48,39.36,0.12,0.3,209380.02,830325.955
674,002460.SZ,20180614,39.45,39.76,38.58,39.36,39.85,-0.49,-1.23,236500.69,929608.191
675,002460.SZ,20180613,41.2,41.2,39.8,39.85,41.48,-1.63,-3.93,259513.24,1049289.172
676,002460.SZ,20180612,41.95,42.2,40.7,41.48,41.92,-0.44,-1.05,215856.85,889676.49
677,002460.SZ,20180611,41.86,42.45,41.33,41.92,41.85,0.07,0.17,178486.78,748282.911
678,002460.SZ,20180608,42.68,42.7,41.49,41.85,42.58,-0.73,-1.71,181860.33,761091.899
679,002460.SZ,20180607,43.0,43.62,42.5,42.58,42.45,0.13,0.31,245895.48,1058522.589
680,002460.SZ,20180606,42.05,43.51,42.02,42.45,42.42,0.03,0.07,338399.48,1450299.795
681,002460.SZ,20180605,40.88,42.45,40.5,42.42,40.88,1.54,3.77,283046.91,1181327.607
682,002460.SZ,20180604,42.48,42.64,40.55,40.88,42.27,-1.39,-3.29,243308.88,1001108.537
683,002460.SZ,20180601,41.55,42.9,41.08,42.27,41.72,0.55,1.32,217824.3,919870.774
684,002460.SZ,20180531,42.16,42.25,41.28,41.72,41.37,0.35,0.85,205666.26,858070.03
685,002460.SZ,20180530,42.83,42.99,40.6,41.37,43.86,-2.49,-5.68,316518.05,1332596.483
686,002460.SZ,20180529,45.69,45.7,43.5,43.86,45.75,-1.89,-4.13,289903.81,1290523.032
687,002460.SZ,20180528,69.34,70.5,68.5,69.03,69.0,0.03,0.04,206307.84,1437897.659
688,002460.SZ,20180525,69.5,69.94,68.18,69.0,69.97,-0.97,-1.39,175662.29,1211182.049
689,002460.SZ,20180524,68.25,70.48,68.25,69.97,68.25,1.72,2.52,236944.64,1650716.708
690,002460.SZ,20180523,70.0,70.0,67.98,68.25,70.17,-1.92,-2.74,172184.04,1186244.074
691,002460.SZ,20180522,68.77,70.31,67.77,70.17,69.45,0.72,1.04,223612.21,1538816.977
692,002460.SZ,20180521,70.98,71.98,68.93,69.45,69.7,-0.25,-0.36,224136.38,1577623.074
693,002460.SZ,20180518,69.39,70.27,68.3,69.7,68.88,0.82,1.19,174894.08,1216597.58
694,002460.SZ,20180517,71.3,71.3,68.61,68.88,71.4,-2.52,-3.53,250097.01,1744242.609
695,002460.SZ,20180516,71.35,73.15,70.91,71.4,71.54,-0.14,-0.2,257854.89,1860816.126
696,002460.SZ,20180515,71.8,72.16,69.8,71.54,70.84,0.7,0.99,234444.01,1666186.558
697,002460.SZ,20180514,71.02,73.93,70.5,70.84,71.41,-0.57,-0.8,363395.57,2616941.306
698,002460.SZ,20180511,70.32,73.0,70.32,71.41,69.98,1.43,2.04,412674.74,2969447.427
699,002460.SZ,20180510,68.95,71.49,68.61,69.98,68.95,1.03,1.49,320673.98,2255426.809
700,002460.SZ,20180509,68.6,69.49,67.92,68.95,68.46,0.49,0.72,262702.82,1811444.933
701,002460.SZ,20180508,69.5,69.97,67.84,68.46,69.96,-1.5,-2.14,322486.2,2221210.008
702,002460.SZ,20180507,64.13,70.0,63.61,69.96,63.74,6.22,9.76,407255.91,2735522.345
703,002460.SZ,20180504,62.32,64.66,62.3,63.74,62.56,1.18,1.89,195143.68,1247038.097
704,002460.SZ,20180503,62.65,63.0,60.21,62.56,63.03,-0.47,-0.75,169205.18,1041154.933
705,002460.SZ,20180502,63.0,63.47,62.51,63.03,62.38,0.65,1.04,107832.61,679138.839
706,002460.SZ,20180427,62.2,63.36,61.85,62.38,61.8,0.58,0.94,136930.35,857042.904
707,002460.SZ,20180426,65.25,65.48,61.8,61.8,65.1,-3.3,-5.07,254200.56,1597986.735
708,002460.SZ,20180425,65.98,67.1,65.02,65.1,66.83,-1.73,-2.59,205959.14,1354501.567
709,002460.SZ,20180424,65.6,67.31,63.6,66.83,65.71,1.12,1.7,288483.11,1900781.292
710,002460.SZ,20180423,63.6,65.71,63.56,65.71,63.78,1.93,3.03,199722.4,1298715.488
711,002460.SZ,20180420,63.9,65.42,63.56,63.78,64.03,-0.25,-0.39,188206.46,1215863.229
712,002460.SZ,20180419,65.0,66.33,63.81,64.03,65.85,-1.82,-2.76,235315.57,1531992.823
713,002460.SZ,20180418,64.0,66.28,60.88,65.85,63.5,2.35,3.7,319186.75,2027360.624
714,002460.SZ,20180417,68.86,69.26,62.5,63.5,68.85,-5.35,-7.77,349591.09,2298690.601
715,002460.SZ,20180416,69.0,69.66,68.27,68.85,70.01,-1.16,-1.66,158863.45,1094141.08
716,002460.SZ,20180413,69.0,70.6,67.15,70.01,68.88,1.13,1.64,270978.4,1870039.534
717,002460.SZ,20180412,71.4,71.61,68.38,68.88,71.32,-2.44,-3.42,227972.17,1587781.248
718,002460.SZ,20180411,72.4,72.58,70.81,71.32,71.87,-0.55,-0.77,196472.68,1407766.311
719,002460.SZ,20180410,70.29,72.38,69.41,71.87,69.72,2.15,3.08,270012.28,1922974.824
720,002460.SZ,20180409,69.52,70.87,69.11,69.72,69.68,0.04,0.06,175586.21,1229269.798
721,002460.SZ,20180404,72.33,72.8,69.55,69.68,71.9,-2.22,-3.09,271365.11,1914730.216
722,002460.SZ,20180403,71.05,73.7,69.33,71.9,73.86,-1.96,-2.65,319096.75,2278453.427
723,002460.SZ,20180402,79.0,79.0,73.45,73.86,77.38,-3.52,-4.55,409168.62,3080257.854
724,002460.SZ,20180330,76.32,78.15,76.0,77.38,78.25,-0.87,-1.11,303982.61,2343030.359
725,002460.SZ,20180329,80.59,81.5,76.9,78.25,79.25,-1.0,-1.26,269452.12,2112419.102
726,002460.SZ,20180328,78.36,80.43,77.07,79.25,79.84,-0.59,-0.74,338648.93,2677609.814
727,002460.SZ,20180327,74.99,80.2,73.96,79.84,73.62,6.22,8.45,388498.1,2992514.961
728,002460.SZ,20180326,67.1,74.15,67.1,73.62,68.67,4.95,7.21,320434.03,2270151.017
729,002460.SZ,20180323,72.5,74.5,68.67,68.67,76.3,-7.63,-10.0,399050.77,2835211.782
730,002460.SZ,20180322,75.65,77.0,74.81,76.3,75.58,0.72,0.95,190785.96,1449605.706
731,002460.SZ,20180321,79.42,80.18,75.0,75.58,79.35,-3.77,-4.75,252939.95,1964165.941
732,002460.SZ,20180320,77.53,80.5,77.3,79.35,78.52,0.83,1.06,191200.55,1518262.129
733,002460.SZ,20180319,78.0,79.53,77.63,78.52,79.0,-0.48,-0.61,190201.88,1493892.79
734,002460.SZ,20180316,81.5,82.26,78.8,79.0,81.54,-2.54,-3.12,247844.63,1990960.096
735,002460.SZ,20180315,79.97,81.63,77.6,81.54,78.99,2.55,3.23,302940.18,2417737.175
736,002460.SZ,20180314,78.75,84.0,78.5,78.99,79.24,-0.25,-0.32,457612.72,3732599.068
737,002460.SZ,20180313,77.56,79.3,77.01,79.24,78.2,1.04,1.33,370773.34,2905505.66
738,002460.SZ,20180312,72.37,78.98,72.03,78.2,71.88,6.32,8.79,546804.9,4134047.664
739,002460.SZ,20180309,71.39,72.3,70.71,71.88,71.25,0.63,0.88,239891.64,1714438.735
740,002460.SZ,20180308,73.7,74.48,70.68,71.25,74.19,-2.94,-3.96,394208.3,2832570.305
741,002460.SZ,20180307,72.17,75.0,71.38,74.19,72.02,2.17,3.01,458991.68,3378827.45
742,002460.SZ,20180306,72.38,73.99,70.5,72.02,72.37,-0.35,-0.48,294144.15,2122580.163
743,002460.SZ,20180305,71.79,72.94,70.73,72.37,71.1,1.27,1.79,288264.23,2069007.609
744,002460.SZ,20180302,72.02,74.2,71.0,71.1,72.75,-1.65,-2.27,325314.03,2357631.467
745,002460.SZ,20180301,71.35,74.95,70.88,72.75,72.38,0.37,0.51,417133.07,3043584.702
746,002460.SZ,20180228,70.18,74.29,70.18,72.38,71.01,1.37,1.93,429008.12,3133712.25
747,002460.SZ,20180227,70.35,73.1,70.19,71.01,72.82,-1.81,-2.49,341401.97,2442598.8
748,002460.SZ,20180226,74.7,74.7,71.68,72.82,73.5,-0.68,-0.93,468889.08,3430734.423
749,002460.SZ,20180223,67.15,73.55,66.77,73.5,68.23,5.27,7.72,481243.03,3366337.761
750,002460.SZ,20180222,67.3,71.6,67.14,68.23,66.38,1.85,2.79,435738.88,3012525.212
751,002460.SZ,20180214,62.42,66.69,61.5,66.38,62.35,4.03,6.46,390675.41,2511319.384
752,002460.SZ,20180213,61.86,63.5,61.2,62.35,59.39,2.96,4.98,455096.69,2840984.876
753,002460.SZ,20180212,55.07,59.39,55.07,59.39,53.99,5.4,10.0,281494.28,1637270.659
754,002460.SZ,20180209,52.4,55.76,52.0,53.99,53.81,0.18,0.33,262200.54,1430944.053
755,002460.SZ,20180208,52.64,54.54,52.1,53.81,52.64,1.17,2.22,163858.9,880930.276
756,002460.SZ,20180207,55.5,55.5,50.18,52.64,53.5,-0.86,-1.61,222039.47,1175454.525
757,002460.SZ,20180206,55.05,57.51,53.48,53.5,56.91,-3.41,-5.99,179538.62,993757.913
758,002460.SZ,20180205,57.45,58.7,56.88,56.91,58.78,-1.87,-3.18,125286.58,719276.371
759,002460.SZ,20180202,57.5,58.98,55.0,58.78,58.11,0.67,1.15,159617.25,920238.345
760,002460.SZ,20180201,58.18,59.89,57.76,58.11,58.08,0.03,0.05,170207.19,1003140.49
761,002460.SZ,20180131,58.88,58.99,57.36,58.08,59.44,-1.36,-2.29,156813.04,914066.949
762,002460.SZ,20180130,57.0,60.29,56.82,59.44,57.36,2.08,3.63,261516.47,1552103.804
763,002460.SZ,20180129,56.67,57.99,55.85,57.36,57.0,0.36,0.63,175005.09,997679.778
764,002460.SZ,20180126,58.3,59.04,56.89,57.0,59.3,-2.3,-3.88,222511.67,1286248.924
765,002460.SZ,20180125,60.48,61.13,59.28,59.3,60.5,-1.2,-1.98,157500.67,951020.101
766,002460.SZ,20180124,60.9,60.9,59.81,60.5,60.86,-0.36,-0.59,128196.32,772226.053
767,002460.SZ,20180123,60.36,61.32,59.8,60.86,60.0,0.86,1.43,181136.2,1099170.698
768,002460.SZ,20180122,59.37,60.4,57.81,60.0,59.37,0.63,1.06,176880.94,1047765.926
769,002460.SZ,20180119,58.77,60.46,58.0,59.37,59.17,0.2,0.34,157049.23,935192.594
770,002460.SZ,20180118,58.51,60.38,58.51,59.17,59.5,-0.33,-0.55,167412.49,997205.473
771,002460.SZ,20180117,60.5,60.5,55.1,59.5,60.87,-1.37,-2.25,365282.24,2111410.333
772,002460.SZ,20180116,60.95,62.64,59.78,60.87,62.82,-1.95,-3.1,296200.62,1807269.697
773,002460.SZ,20180115,69.11,69.12,62.82,62.82,69.8,-6.98,-10.0,453747.92,2940018.918
774,002460.SZ,20180112,70.75,70.75,69.5,69.8,70.43,-0.63,-0.89,124571.6,871042.05
775,002460.SZ,20180111,69.8,70.91,69.41,70.43,69.87,0.56,0.8,143014.79,1006672.814
776,002460.SZ,20180110,71.5,71.8,69.54,69.87,71.91,-2.04,-2.84,230884.48,1619912.175
777,002460.SZ,20180109,71.87,73.65,71.6,71.91,72.29,-0.38,-0.53,186364.26,1349421.758
778,002460.SZ,20180108,71.82,72.68,69.57,72.29,71.9,0.39,0.54,257980.55,1829667.338
779,002460.SZ,20180105,73.78,74.37,71.52,71.9,73.93,-2.03,-2.75,243451.92,1764978.177
780,002460.SZ,20180104,73.38,75.3,73.34,73.93,73.87,0.06,0.08,278195.63,2065974.363
781,002460.SZ,20180103,71.42,75.29,71.08,73.87,71.1,2.77,3.9,396444.2,2920802.365
782,002460.SZ,20180102,71.76,71.99,70.18,71.1,71.75,-0.65,-0.91,212382.21,1506695.45
783,002460.SZ,20171229,71.61,72.5,70.58,71.75,71.38,0.37,0.52,134876.24,963033.004
784,002460.SZ,20171228,71.4,72.48,70.03,71.38,71.64,-0.26,-0.36,231849.1,1652135.131
785,002460.SZ,20171227,68.8,72.68,68.8,71.64,68.86,2.78,4.04,309470.38,2199199.544
786,002460.SZ,20171226,68.2,69.58,67.3,68.86,68.1,0.76,1.12,134337.14,922080.73
787,002460.SZ,20171225,70.15,71.2,67.88,68.1,70.6,-2.5,-3.54,212932.01,1469265.754
788,002460.SZ,20171222,70.9,72.6,70.42,70.6,70.7,-0.1,-0.14,186424.04,1333838.009
789,002460.SZ,20171221,69.0,70.99,68.3,70.7,69.24,1.46,2.11,181358.49,1271968.659
790,002460.SZ,20171220,69.47,70.3,68.18,69.24,68.75,0.49,0.71,161729.85,1121584.022
791,002460.SZ,20171219,69.8,70.17,67.7,68.75,69.34,-0.59,-0.85,161882.95,1113509.481
792,002460.SZ,20171218,69.75,71.64,68.45,69.34,70.8,-1.46,-2.06,166698.49,1162761.286
793,002460.SZ,20171215,73.0,73.37,70.8,70.8,73.72,-2.92,-3.96,186386.26,1336888.164
794,002460.SZ,20171214,73.54,74.68,72.89,73.72,73.57,0.15,0.2,170632.74,1257954.41
795,002460.SZ,20171213,73.0,73.58,72.01,73.57,73.58,-0.01,-0.01,179510.79,1308189.433
796,002460.SZ,20171212,70.39,75.66,70.38,73.58,70.28,3.3,4.7,354218.94,2601904.508
797,002460.SZ,20171211,69.18,70.82,68.4,70.28,69.13,1.15,1.66,193010.5,1347998.469
798,002460.SZ,20171208,68.01,70.2,67.26,69.13,68.02,1.11,1.63,176362.61,1216789.669
799,002460.SZ,20171207,69.5,69.91,67.89,68.02,70.0,-1.98,-2.83,136677.43,938378.257
800,002460.SZ,20171206,69.8,70.3,66.98,70.0,68.38,1.62,2.37,207758.24,1429313.009
801,002460.SZ,20171205,72.26,72.27,67.63,68.38,71.83,-3.45,-4.8,221609.99,1530941.485
802,002460.SZ,20171204,72.8,74.14,70.81,71.83,72.99,-1.16,-1.59,180589.18,1304664.619
803,002460.SZ,20171201,72.87,73.7,71.62,72.99,73.4,-0.41,-0.56,138119.26,1006320.744
804,002460.SZ,20171130,71.69,74.87,71.21,73.4,71.9,1.5,2.09,209128.39,1538836.402
805,002460.SZ,20171129,70.7,72.46,69.48,71.9,71.23,0.67,0.94,189606.13,1351271.932
806,002460.SZ,20171128,69.0,71.51,67.9,71.23,68.87,2.36,3.43,211878.97,1479814.769
807,002460.SZ,20171127,75.2,76.56,67.8,68.87,75.06,-6.19,-8.25,303435.84,2201644.103
808,002460.SZ,20171124,72.16,75.76,72.0,75.06,72.91,2.15,2.95,238312.38,1777705.493
809,002460.SZ,20171123,72.7,76.14,72.6,72.91,73.09,-0.18,-0.25,288177.29,2144778.892
810,002460.SZ,20171122,73.0,73.9,71.9,73.09,72.87,0.22,0.3,211735.77,1547677.49
811,002460.SZ,20171121,72.5,73.8,70.8,72.87,72.99,-0.12,-0.16,241694.75,1747589.625
812,002460.SZ,20171120,68.52,73.56,67.71,72.99,68.9,4.09,5.94,319661.93,2281291.378
813,002460.SZ,20171117,71.77,72.78,68.88,68.9,71.34,-2.44,-3.42,282672.13,2008842.957
814,002460.SZ,20171116,72.07,72.89,70.24,71.34,72.07,-0.73,-1.01,250890.45,1797775.666
815,002460.SZ,20171115,75.8,76.33,70.38,72.07,77.13,-5.06,-6.56,454289.08,3332454.363
816,002460.SZ,20171114,81.6,82.97,76.88,77.13,82.08,-4.95,-6.03,426215.9,3398544.432
817,002460.SZ,20171113,85.2,86.26,81.9,82.08,85.18,-3.1,-3.64,374161.93,3118298.797
818,002460.SZ,20171110,85.0,86.53,84.55,85.18,85.9,-0.72,-0.84,192073.05,1640533.677
819,002460.SZ,20171109,88.39,88.7,85.49,85.9,87.49,-1.59,-1.82,238194.18,2065514.807
820,002460.SZ,20171108,85.22,88.48,83.98,87.49,85.33,2.16,2.53,337433.98,2930462.998
821,002460.SZ,20171107,86.0,86.45,83.58,85.33,86.0,-0.67,-0.78,215252.96,1836247.55
822,002460.SZ,20171106,87.59,88.37,85.5,86.0,87.11,-1.11,-1.27,204404.47,1768459.228
823,002460.SZ,20171103,85.4,88.54,84.98,87.11,86.3,0.81,0.94,281939.38,2458074.53
824,002460.SZ,20171102,86.8,88.68,85.2,86.3,87.3,-1.0,-1.15,261953.36,2281114.456
825,002460.SZ,20171101,87.62,88.79,86.39,87.3,87.61,-0.31,-0.35,245097.0,2143022.813
826,002460.SZ,20171031,83.99,88.25,83.8,87.61,84.43,3.18,3.77,310692.65,2692087.358
827,002460.SZ,20171030,83.9,85.88,82.02,84.43,85.41,-0.98,-1.15,237750.33,1996401.03
828,002460.SZ,20171027,87.24,88.27,84.99,85.41,87.06,-1.65,-1.9,261527.37,2266274.726
829,002460.SZ,20171026,87.19,88.31,83.91,87.06,87.9,-0.84,-0.96,359857.2,3092179.504
830,002460.SZ,20171025,88.81,89.87,86.86,87.9,92.08,-4.18,-4.54,352036.07,3099623.172
831,002460.SZ,20171024,90.97,92.68,89.75,92.08,90.7,1.38,1.52,248778.37,2274165.954
832,002460.SZ,20171023,90.71,91.1,89.3,90.7,91.46,-0.76,-0.83,213324.03,1925518.038
833,002460.SZ,20171020,86.6,92.69,86.21,91.46,87.08,4.38,5.03,408336.86,3702571.752
834,002460.SZ,20171019,86.0,89.09,85.23,87.08,85.26,1.82,2.13,242327.78,2117055.81
835,002460.SZ,20171018,86.82,87.8,83.88,85.26,86.84,-1.58,-1.82,207105.29,1765992.212
836,002460.SZ,20171017,89.24,90.6,86.78,86.84,89.72,-2.88,-3.21,251488.13,2230070.716
837,002460.SZ,20171016,86.0,90.8,85.81,89.72,86.97,2.75,3.16,317784.29,2824462.421
838,002460.SZ,20171013,85.38,88.63,85.38,86.97,84.93,2.04,2.4,277627.93,2423138.835
839,002460.SZ,20171012,85.5,87.3,83.51,84.93,86.66,-1.73,-2.0,232696.85,1983437.433
840,002460.SZ,20171011,84.05,88.38,80.0,86.66,84.2,2.46,2.92,430447.46,3625003.586
841,002460.SZ,20171010,87.65,87.65,83.5,84.2,87.7,-3.5,-3.99,270202.89,2299033.256
842,002460.SZ,20171009,88.33,88.79,85.5,87.7,87.3,0.4,0.46,254270.32,2205046.814
843,002460.SZ,20170929,92.2,93.76,85.0,87.3,91.45,-4.15,-4.54,433038.7,3830381.516
844,002460.SZ,20170928,91.5,92.97,90.7,91.45,92.6,-1.15,-1.24,274988.95,2524067.913
845,002460.SZ,20170927,86.6,93.38,86.0,92.6,85.92,6.68,7.77,498547.64,4521944.705
846,002460.SZ,20170926,84.12,87.29,84.12,85.92,85.05,0.87,1.02,279741.64,2408810.315
847,002460.SZ,20170925,83.3,86.49,82.97,85.05,83.35,1.7,2.04,317241.73,2687276.222
848,002460.SZ,20170922,86.65,87.29,82.5,83.35,87.64,-4.29,-4.9,315682.29,2694482.804
849,002460.SZ,20170921,88.7,89.08,85.5,87.64,88.41,-0.77,-0.87,336913.14,2935758.727
850,002460.SZ,20170920,87.52,88.8,86.4,88.41,87.38,1.03,1.18,316444.45,2775823.278
851,002460.SZ,20170919,89.49,90.74,85.78,87.38,89.86,-2.48,-2.76,366543.94,3217107.643
852,002460.SZ,20170918,90.5,91.78,88.18,89.86,89.75,0.11,0.12,277415.29,2493440.861
853,002460.SZ,20170915,88.9,91.73,87.73,89.75,89.95,-0.2,-0.22,315774.03,2821367.888
854,002460.SZ,20170914,94.0,94.0,89.3,89.95,95.07,-5.12,-5.39,413132.94,3784644.935
855,002460.SZ,20170913,91.99,95.79,88.91,95.07,92.3,2.77,3.0,467312.47,4312492.831
856,002460.SZ,20170912,100.88,103.49,90.0,92.3,100.0,-7.7,-7.7,676223.83,6560321.114
857,002460.SZ,20170911,96.31,100.0,94.53,100.0,93.06,6.94,7.46,402501.5,3924709.691
858,002460.SZ,20170908,90.31,94.97,90.1,93.06,89.32,3.74,4.19,391102.67,3635020.116
859,002460.SZ,20170907,89.71,92.01,88.51,89.32,90.5,-1.18,-1.3,311520.42,2800265.751
860,002460.SZ,20170906,87.9,95.5,86.45,90.5,88.15,2.35,2.67,546742.21,4951638.439
861,002460.SZ,20170905,80.03,88.15,78.83,88.15,80.14,8.01,10.0,395816.82,3326859.712
862,002460.SZ,20170904,80.29,82.78,78.5,80.14,80.2,-0.06,-0.07,272610.17,2188741.321
863,002460.SZ,20170901,76.2,80.85,75.97,80.2,76.35,3.85,5.04,324792.87,2565763.07
864,002460.SZ,20170831,74.8,78.2,74.17,76.35,74.17,2.18,2.94,321426.38,2460517.014
865,002460.SZ,20170830,72.95,74.97,71.51,74.17,72.9,1.27,1.74,233106.38,1709401.967
866,002460.SZ,20170829,73.5,74.75,72.1,72.9,74.3,-1.4,-1.88,267472.09,1960052.034
867,002460.SZ,20170828,73.6,76.76,73.6,74.3,73.43,0.87,1.18,352290.59,2646057.51
868,002460.SZ,20170825,70.01,74.18,69.35,73.43,70.14,3.29,4.69,313492.14,2263479.302
869,002460.SZ,20170824,72.2,73.28,68.5,70.14,70.49,-0.35,-0.5,346377.72,2446172.681
870,002460.SZ,20170822,66.5,71.76,65.78,70.49,66.5,3.99,6.0,418627.24,2917871.697
871,002460.SZ,20170821,66.01,67.27,65.4,66.5,65.95,0.55,0.83,173156.06,1151400.533
872,002460.SZ,20170818,66.88,67.73,65.16,65.95,68.29,-2.34,-3.43,214768.58,1425371.751
873,002460.SZ,20170817,69.03,70.15,66.4,68.29,68.38,-0.09,-0.13,275776.96,1881316.732
874,002460.SZ,20170816,69.0,69.93,67.0,68.38,69.51,-1.13,-1.63,265310.51,1810684.264
875,002460.SZ,20170815,68.29,70.45,67.82,69.51,68.31,1.2,1.76,355774.43,2457772.286
876,002460.SZ,20170814,62.3,68.31,62.3,68.31,62.1,6.21,10.0,432133.14,2859899.743
877,002460.SZ,20170811,63.9,64.79,59.02,62.1,63.85,-1.75,-2.74,336233.65,2092457.524
878,002460.SZ,20170810,64.4,65.51,63.12,63.85,64.19,-0.34,-0.53,228481.2,1469593.013
879,002460.SZ,20170809,62.31,64.65,61.76,64.19,62.66,1.53,2.44,220444.95,1402294.523
880,002460.SZ,20170808,64.0,65.97,62.39,62.66,64.37,-1.71,-2.66,246099.69,1580923.78
881,002460.SZ,20170807,63.15,65.11,62.79,64.37,63.54,0.83,1.31,252755.75,1616756.978
882,002460.SZ,20170804,67.7,68.27,62.88,63.54,67.98,-4.44,-6.53,402571.7,2645756.947
883,002460.SZ,20170803,67.78,69.66,67.5,67.98,68.76,-0.78,-1.13,210331.74,1436588.785
884,002460.SZ,20170802,69.1,70.64,67.8,68.76,67.79,0.97,1.43,405675.56,2805392.762
885,002460.SZ,20170801,66.59,70.25,66.03,67.79,67.11,0.68,1.01,331596.31,2256045.736
886,002460.SZ,20170731,65.41,68.2,64.0,67.11,65.5,1.61,2.46,400536.8,2651780.031
887,002460.SZ,20170728,59.6,66.0,59.6,65.5,60.18,5.32,8.84,468712.81,2973326.37
888,002460.SZ,20170727,60.97,61.25,57.85,60.18,62.0,-1.82,-2.94,378854.22,2273237.835
889,002460.SZ,20170726,62.52,62.62,59.6,62.0,61.98,0.02,0.03,360437.94,2219574.3
890,002460.SZ,20170725,60.48,62.19,59.5,61.98,61.2,0.78,1.27,407385.47,2474770.998
891,002460.SZ,20170724,63.71,63.89,59.61,61.2,63.7,-2.5,-3.92,517071.79,3191398.098
892,002460.SZ,20170721,57.7,63.89,57.62,63.7,58.22,5.48,9.41,467482.28,2857611.166
893,002460.SZ,20170720,54.1,60.0,54.1,58.22,54.72,3.5,6.4,402073.85,2302902.733
894,002460.SZ,20170719,52.79,55.48,52.25,54.72,52.99,1.73,3.26,323752.84,1740411.025
895,002460.SZ,20170718,51.4,52.99,50.98,52.99,52.12,0.87,1.67,264594.22,1376844.211
896,002460.SZ,20170717,52.2,54.3,49.57,52.12,51.6,0.52,1.01,449299.52,2366927.768
897,002460.SZ,20170714,51.15,52.97,50.28,51.6,51.19,0.41,0.8,304826.34,1585886.531
898,002460.SZ,20170713,51.69,52.32,50.53,51.19,51.69,-0.5,-0.97,293623.4,1505492.244
899,002460.SZ,20170712,49.05,51.69,49.05,51.69,48.73,2.96,6.07,389692.92,1966983.82
900,002460.SZ,20170711,49.77,50.6,48.54,48.73,50.18,-1.45,-2.89,253334.63,1256684.267
901,002460.SZ,20170710,50.5,51.23,49.37,50.18,50.8,-0.62,-1.22,323053.68,1626373.436
902,002460.SZ,20170707,49.48,51.17,48.61,50.8,48.96,1.84,3.76,398131.16,1991633.764
903,002460.SZ,20170706,48.5,50.99,48.31,49.06,48.7,0.36,0.74,539340.01,2672524.693
904,002460.SZ,20170705,45.68,49.47,45.51,48.7,46.09,2.61,5.66,485626.22,2323457.159
905,002460.SZ,20170704,46.3,48.33,46.09,46.09,46.7,-0.61,-1.31,382925.25,1811867.294
906,002460.SZ,20170703,46.28,46.9,45.3,46.7,46.25,0.45,0.97,255191.32,1178741.569
907,002460.SZ,20170630,45.5,46.92,44.95,46.25,46.22,0.03,0.06,315116.97,1440230.144
908,002460.SZ,20170629,46.6,47.5,46.01,46.22,46.68,-0.46,-0.99,329364.76,1536386.777
909,002460.SZ,20170628,46.07,46.68,45.45,46.68,46.1,0.58,1.26,314200.07,1449731.336
910,002460.SZ,20170627,46.6,46.7,45.51,46.1,46.93,-0.83,-1.77,377733.18,1740077.11
911,002460.SZ,20170626,44.05,47.3,43.49,46.93,43.68,3.25,7.44,618607.77,2809634.31
912,002460.SZ,20170623,42.69,43.8,41.64,43.68,42.92,0.76,1.77,346049.39,1476907.824
913,002460.SZ,20170622,43.88,45.66,42.64,42.92,44.0,-1.08,-2.45,404007.7,1794025.906
914,002460.SZ,20170621,44.11,44.65,43.44,44.0,44.55,-0.55,-1.23,266165.21,1169935.944
915,002460.SZ,20170620,43.25,45.89,43.25,44.55,42.62,1.93,4.53,498526.49,2224870.715
916,002460.SZ,20170619,42.98,43.45,42.2,42.62,43.09,-0.47,-1.09,229455.92,980820.962
917,002460.SZ,20170616,43.0,44.38,42.5,43.09,42.75,0.34,0.8,389997.22,1691377.155
918,002460.SZ,20170615,42.09,42.86,41.62,42.75,42.05,0.7,1.66,306503.43,1296929.912
919,002460.SZ,20170614,42.05,43.65,41.36,42.05,41.99,0.06,0.14,492243.76,2092694.356
920,002460.SZ,20170613,38.38,42.5,38.31,41.99,38.65,3.34,8.64,533803.64,2182945.034
921,002460.SZ,20170612,39.0,39.48,38.5,38.65,39.52,-0.87,-2.2,150760.32,586191.405
922,002460.SZ,20170609,39.1,39.8,38.42,39.52,38.73,0.79,2.04,209132.8,817537.273
923,002460.SZ,20170608,38.5,39.87,38.4,38.73,38.35,0.38,0.99,305600.31,1198148.858
924,002460.SZ,20170607,37.51,38.78,37.51,38.35,37.31,1.04,2.79,327176.98,1251340.435
925,002460.SZ,20170606,39.36,39.36,36.44,37.31,39.77,-2.46,-6.19,466042.07,1755842.306
926,002460.SZ,20170605,39.54,40.45,38.95,39.77,39.4,0.37,0.94,227938.53,909787.44
927,002460.SZ,20170602,39.15,39.93,37.8,39.4,39.27,0.13,0.33,221075.68,858297.795
928,002460.SZ,20170601,41.43,42.1,38.6,39.27,41.61,-2.34,-5.62,362315.5,1448704.104
929,002460.SZ,20170531,43.2,43.44,41.16,41.61,42.5,-0.89,-2.09,245342.19,1028606.493
930,002460.SZ,20170526,42.97,44.19,41.9,42.5,42.92,-0.42,-0.98,275355.83,1184265.951
931,002460.SZ,20170525,42.99,43.4,41.5,42.92,42.98,-0.06,-0.14,300921.3,1278506.499
932,002460.SZ,20170524,41.0,43.28,40.1,42.98,41.79,1.19,2.85,316033.81,1345310.706
933,002460.SZ,20170523,41.3,43.44,41.1,41.79,41.46,0.33,0.8,345707.62,1467353.951
934,002460.SZ,20170522,40.66,42.45,39.91,41.46,42.02,-0.56,-1.33,326565.9,1345848.219
935,002460.SZ,20170519,44.89,45.67,40.9,42.02,44.25,-2.23,-5.04,635210.05,2736996.51
936,002460.SZ,20170518,44.55,45.35,43.55,44.25,44.99,-0.74,-1.64,376969.65,1670699.722
937,002460.SZ,20170517,45.55,45.9,44.44,44.99,44.99,0.0,0.0,477859.71,2158379.097
938,002460.SZ,20170516,41.01,44.99,40.4,44.99,40.9,4.09,10.0,574347.72,2481970.343
939,002460.SZ,20170515,40.95,41.62,39.63,40.9,41.2,-0.3,-0.73,238652.31,969536.257
940,002460.SZ,20170512,41.66,42.2,40.5,41.2,41.7,-0.5,-1.2,203498.71,840342.083
941,002460.SZ,20170511,39.7,41.73,39.3,41.7,39.83,1.87,4.7,264244.38,1071218.515
942,002460.SZ,20170510,42.5,42.95,39.72,39.83,42.1,-2.27,-5.39,318225.55,1304829.956
943,002460.SZ,20170509,41.6,42.27,39.88,42.1,42.31,-0.21,-0.5,275539.38,1133816.267
944,002460.SZ,20170508,41.84,43.4,41.6,42.31,41.8,0.51,1.22,286224.66,1217321.569
945,002460.SZ,20170505,42.4,43.33,41.51,41.8,42.36,-0.56,-1.32,246554.63,1046594.174
946,002460.SZ,20170504,43.6,43.78,42.15,42.36,44.05,-1.69,-3.84,293275.01,1257570.311
947,002460.SZ,20170503,44.33,45.45,43.05,44.05,43.99,0.06,0.14,330044.66,1461639.046
948,002460.SZ,20170502,42.12,44.76,42.0,43.99,42.16,1.83,4.34,316166.32,1383699.863
949,002460.SZ,20170428,42.5,43.03,41.81,42.16,42.6,-0.44,-1.03,244511.14,1035999.397
950,002460.SZ,20170427,41.6,43.17,40.62,42.6,41.25,1.35,3.27,428450.25,1797970.415
951,002460.SZ,20170426,37.68,41.25,37.68,41.25,37.5,3.75,10.0,389755.89,1561201.402
952,002460.SZ,20170425,37.07,38.33,37.02,37.5,36.9,0.6,1.63,213368.81,802554.899
953,002460.SZ,20170424,39.2,39.4,36.77,36.9,40.1,-3.2,-7.98,275491.42,1052147.571
954,002460.SZ,20170421,39.8,41.5,39.6,40.1,39.8,0.3,0.75,225247.66,917486.611
955,002460.SZ,20170420,41.38,41.55,39.59,39.8,41.37,-1.57,-3.8,215274.54,869591.042
956,002460.SZ,20170419,40.88,41.76,39.31,41.37,41.4,-0.03,-0.07,256088.36,1036464.258
957,002460.SZ,20170418,42.7,43.18,41.27,41.4,42.88,-1.48,-3.45,212239.3,891048.805
958,002460.SZ,20170417,42.0,44.1,41.68,42.88,42.85,0.03,0.07,265769.31,1141980.732
959,002460.SZ,20170414,44.51,45.18,42.2,42.85,44.75,-1.9,-4.25,305345.88,1332433.612
960,002460.SZ,20170413,42.05,44.88,41.81,44.75,42.39,2.36,5.57,393003.58,1714885.393
961,002460.SZ,20170412,41.11,43.66,40.61,42.39,42.09,0.3,0.71,322090.81,1367233.198
962,002460.SZ,20170411,43.0,44.17,39.05,42.09,42.82,-0.73,-1.7,476840.21,2015592.096
963,002460.SZ,20170410,42.98,44.0,41.75,42.82,43.02,-0.2,-0.46,365735.9,1577810.284
964,002460.SZ,20170407,44.2,44.79,42.83,43.02,43.84,-0.82,-1.87,362234.66,1580879.557
965,002460.SZ,20170406,44.84,44.95,43.0,43.84,44.8,-0.96,-2.14,482489.07,2107133.927
966,002460.SZ,20170405,41.03,45.0,41.03,44.8,41.33,3.47,8.4,575684.86,2522577.945
967,002460.SZ,20170331,39.62,43.0,38.8,41.33,39.62,1.71,4.32,611836.84,2508753.041
968,002460.SZ,20170330,39.44,39.97,38.43,39.62,39.44,0.18,0.46,453160.06,1773544.181
969,002460.SZ,20170329,37.97,40.59,37.78,39.44,38.1,1.34,3.52,702519.4,2755430.524
970,002460.SZ,20170328,35.63,38.81,35.31,38.1,35.77,2.33,6.51,722847.66,2729494.426
971,002460.SZ,20170327,35.41,36.2,35.0,35.77,35.41,0.36,1.02,306850.67,1093379.289
972,002460.SZ,20170324,36.33,36.5,35.13,35.41,36.39,-0.98,-2.69,353299.18,1256685.436
973,002460.SZ,20170323,36.1,37.24,35.78,36.39,36.23,0.16,0.44,484069.09,1773511.74
974,002460.SZ,20170322,35.97,36.56,35.78,36.23,36.21,0.02,0.06,257165.34,930786.28
975,002460.SZ,20170321,37.04,37.08,35.86,36.21,37.18,-0.97,-2.61,345067.9,1253744.161
976,002460.SZ,20170320,36.66,37.36,36.09,37.18,36.45,0.73,2.0,383630.74,1412773.494
977,002460.SZ,20170317,37.2,37.73,36.4,36.45,37.35,-0.9,-2.41,412227.88,1527253.656
978,002460.SZ,20170316,37.38,37.66,36.34,37.35,37.15,0.2,0.54,483364.38,1791453.123
979,002460.SZ,20170315,36.6,37.96,36.32,37.15,36.7,0.45,1.23,581675.65,2163890.357
980,002460.SZ,20170314,37.41,37.78,36.1,36.7,37.7,-1.0,-2.65,678603.74,2491817.23
981,002460.SZ,20170313,37.54,38.2,36.56,37.7,37.48,0.22,0.59,705728.44,2635050.12
982,002460.SZ,20170310,34.35,37.59,34.35,37.48,34.17,3.31,9.69,942892.5,3435033.921
983,002460.SZ,20170309,33.78,34.8,33.38,34.17,34.16,0.01,0.03,460257.9,1569832.913
984,002460.SZ,20170308,33.1,34.5,32.69,34.16,33.16,1.0,3.02,604981.22,2049240.316
985,002460.SZ,20170307,33.3,34.94,32.66,33.16,32.86,0.3,0.91,614921.1,2071957.362
986,002460.SZ,20170306,32.07,33.92,32.07,32.86,31.76,1.1,3.46,819622.4,2707485.402
987,002460.SZ,20170303,28.88,31.96,28.86,31.76,29.05,2.71,9.33,779936.87,2419262.041
988,002460.SZ,20170302,28.65,29.48,28.34,29.05,28.56,0.49,1.72,311530.59,903930.772
989,002460.SZ,20170301,28.58,28.78,27.97,28.56,28.7,-0.14,-0.49,227086.74,643153.139
990,002460.SZ,20170228,28.59,29.22,28.44,28.7,28.59,0.11,0.38,218918.71,630585.234
991,002460.SZ,20170227,28.88,29.5,28.5,28.59,28.64,-0.05,-0.17,223726.77,648490.675
992,002460.SZ,20170224,28.64,29.1,28.4,28.64,28.89,-0.25,-0.87,269919.16,773904.178
993,002460.SZ,20170223,27.3,29.28,27.2,28.89,27.46,1.43,5.21,467719.88,1330971.654
994,002460.SZ,20170222,26.9,28.38,26.74,27.46,26.88,0.58,2.16,288041.83,793511.52
995,002460.SZ,20170221,26.48,26.94,26.38,26.88,26.33,0.55,2.09,148616.25,397836.91
996,002460.SZ,20170220,26.16,26.45,25.98,26.33,26.15,0.18,0.69,70328.17,184335.669
997,002460.SZ,20170217,26.59,26.59,26.11,26.15,26.59,-0.44,-1.65,89789.37,236207.389
998,002460.SZ,20170216,26.32,26.88,26.28,26.59,26.38,0.21,0.8,97303.63,258896.45
999,002460.SZ,20170215,27.06,27.06,26.33,26.38,27.06,-0.68,-2.51,104925.05,279670.394
1000,002460.SZ,20170214,27.02,27.15,26.81,27.06,27.02,0.04,0.15,77958.65,210199.024
1001,002460.SZ,20170213,26.72,27.19,26.65,27.02,26.8,0.22,0.82,101640.62,274275.884
1002,002460.SZ,20170210,26.82,27.08,26.4,26.8,26.82,-0.02,-0.07,120487.87,321613.696
1003,002460.SZ,20170209,26.13,27.69,25.98,26.82,26.12,0.7,2.68,187382.72,502802.477
1004,002460.SZ,20170208,25.89,26.19,25.79,26.12,25.73,0.39,1.52,105395.4,274598.156
1005,002460.SZ,20170207,26.0,26.14,25.53,25.73,26.1,-0.37,-1.42,92224.29,238031.732
1006,002460.SZ,20170206,25.8,26.16,25.7,26.1,25.89,0.21,0.81,64333.81,167193.339
1007,002460.SZ,20170203,26.2,26.36,25.8,25.89,26.12,-0.23,-0.88,43299.71,112368.948
1008,002460.SZ,20170126,25.96,26.12,25.84,26.12,25.83,0.29,1.12,61699.34,160667.503
1009,002460.SZ,20170125,25.85,26.06,25.73,25.83,25.94,-0.11,-0.42,58604.7,151607.918
1010,002460.SZ,20170124,25.85,26.1,25.79,25.94,25.9,0.04,0.15,51508.9,133629.971
1011,002460.SZ,20170123,25.93,26.26,25.85,25.9,25.85,0.05,0.19,68390.23,178078.911
1012,002460.SZ,20170120,25.52,26.06,25.52,25.85,25.54,0.31,1.21,85046.32,219790.858
1013,002460.SZ,20170119,25.6,26.0,25.25,25.54,25.72,-0.18,-0.7,67935.61,174512.448
1014,002460.SZ,20170118,26.02,26.47,25.67,25.72,25.81,-0.09,-0.35,78755.52,204831.505
1015,002460.SZ,20170117,25.58,25.92,25.1,25.81,25.58,0.23,0.9,80367.56,205716.908
1016,002460.SZ,20170116,26.91,27.08,24.4,25.58,27.11,-1.53,-5.64,135570.41,351740.643
1017,002460.SZ,20170113,27.75,27.75,27.03,27.11,27.64,-0.53,-1.92,85882.26,234865.08
1018,002460.SZ,20170112,27.39,27.87,27.23,27.64,27.4,0.24,0.88,126753.39,350218.665
1019,002460.SZ,20170111,27.29,27.6,27.04,27.4,27.26,0.14,0.51,85969.69,235116.105
1020,002460.SZ,20170110,27.58,27.74,27.18,27.26,27.72,-0.46,-1.66,106325.45,290990.699
1021,002460.SZ,20170109,27.31,28.42,27.21,27.72,27.39,0.33,1.2,184186.56,513837.134
1022,002460.SZ,20170106,27.94,28.15,27.31,27.39,28.15,-0.76,-2.7,131279.33,363401.98
1023,002460.SZ,20170105,28.05,28.45,27.91,28.15,28.27,-0.12,-0.42,148448.2,418047.061
1024,002460.SZ,20170104,26.63,28.83,26.53,28.27,26.54,1.73,6.52,282635.29,789518.484
1025,002460.SZ,20170103,26.46,26.95,26.46,26.54,26.51,0.03,0.11,63882.27,170192.105
1026,002460.SZ,20161230,27.0,27.14,26.43,26.51,26.88,-0.37,-1.38,66037.02,176159.384
1027,002460.SZ,20161229,27.19,27.45,26.85,26.88,27.62,-0.74,-2.68,77194.78,209791.746
1028,002460.SZ,20161228,27.58,27.98,27.36,27.62,27.68,-0.06,-0.22,80484.25,222820.361
1029,002460.SZ,20161227,27.56,27.79,27.13,27.68,27.65,0.03,0.11,68673.42,188718.188
1030,002460.SZ,20161226,27.2,27.8,26.36,27.65,27.22,0.43,1.58,122619.89,330835.447
1031,002460.SZ,20161223,28.18,28.26,27.17,27.22,28.13,-0.91,-3.24,108852.43,300826.865
1032,002460.SZ,20161222,28.33,28.39,28.08,28.13,28.31,-0.18,-0.64,55893.21,157477.911
1033,002460.SZ,20161221,28.25,28.45,28.11,28.31,28.23,0.08,0.28,63930.24,180614.076
1034,002460.SZ,20161220,28.15,28.58,28.07,28.23,28.11,0.12,0.43,73708.57,208782.029
1035,002460.SZ,20161219,28.45,28.67,28.04,28.11,28.56,-0.45,-1.58,79006.21,223385.743
1036,002460.SZ,20161216,28.4,28.9,28.36,28.56,28.53,0.03,0.11,80718.07,230845.34
1037,002460.SZ,20161215,28.12,28.9,28.1,28.53,28.4,0.13,0.46,104815.18,298195.652
1038,002460.SZ,20161214,29.0,29.28,27.74,28.4,29.06,-0.66,-2.27,177489.77,504467.256
1039,002460.SZ,20161213,29.07,29.58,29.01,29.06,29.26,-0.2,-0.68,108741.64,318249.217
1040,002460.SZ,20161212,30.0,30.19,29.0,29.26,30.32,-1.06,-3.5,214937.61,634835.864
1041,002460.SZ,20161209,30.7,31.09,30.21,30.32,30.57,-0.25,-0.82,181570.45,556954.746
1042,002460.SZ,20161208,30.29,30.88,30.06,30.57,30.26,0.31,1.02,229540.37,701072.078
1043,002460.SZ,20161207,29.97,30.64,29.9,30.26,30.35,-0.09,-0.3,176944.28,535955.262
1044,002460.SZ,20161206,29.2,30.69,29.04,30.35,29.05,1.3,4.48,218399.4,655457.627
1045,002460.SZ,20161205,28.81,29.5,28.68,29.05,29.04,0.01,0.03,70447.71,205810.388
1046,002460.SZ,20161202,29.5,29.59,29.01,29.04,29.4,-0.36,-1.22,91181.35,266659.949
1047,002460.SZ,20161201,29.66,29.8,29.3,29.4,29.5,-0.1,-0.34,75146.26,221145.035
1048,002460.SZ,20161130,29.3,29.96,29.21,29.5,29.4,0.1,0.34,89215.32,264609.795
1049,002460.SZ,20161129,29.9,30.0,29.4,29.4,29.96,-0.56,-1.87,109654.62,325585.491
1050,002460.SZ,20161128,30.09,30.38,29.7,29.96,30.09,-0.13,-0.43,129511.41,388954.414
1051,002460.SZ,20161125,29.89,30.27,29.0,30.09,29.78,0.31,1.04,154899.91,459467.933
1052,002460.SZ,20161124,30.18,30.18,29.66,29.78,30.19,-0.41,-1.36,113983.3,340135.243
1053,002460.SZ,20161123,30.5,30.95,30.15,30.19,30.25,-0.06,-0.2,183592.38,561238.968
1054,002460.SZ,20161122,29.66,30.26,29.61,30.25,29.65,0.6,2.02,151119.56,453667.035
1055,002460.SZ,20161121,29.76,29.9,29.45,29.65,29.79,-0.14,-0.47,92112.8,272890.71
1056,002460.SZ,20161118,30.1,30.18,29.78,29.79,30.07,-0.28,-0.93,100895.47,301428.804
1057,002460.SZ,20161117,30.54,30.54,29.94,30.07,30.55,-0.48,-1.57,115338.53,346971.787
1058,002460.SZ,20161116,30.49,30.93,30.49,30.55,30.42,0.13,0.43,136296.33,418365.28
1059,002460.SZ,20161115,30.36,30.58,30.17,30.42,30.5,-0.08,-0.26,98888.27,299738.768
1060,002460.SZ,20161114,30.69,30.86,30.35,30.5,30.95,-0.45,-1.45,154039.92,470582.513
1061,002460.SZ,20161111,30.2,31.16,29.8,30.95,30.18,0.77,2.55,243725.43,745607.822
1062,002460.SZ,20161110,30.25,30.58,30.06,30.18,29.96,0.22,0.73,123823.76,375120.124
1063,002460.SZ,20161109,30.63,30.79,29.6,29.96,30.67,-0.71,-2.32,171889.27,517150.289
1064,002460.SZ,20161108,30.89,31.17,30.5,30.67,30.67,0.0,0.0,93169.89,286115.258
1065,002460.SZ,20161107,30.4,31.19,30.3,30.67,30.64,0.03,0.1,111246.1,342735.808
1066,002460.SZ,20161104,31.4,31.5,30.52,30.64,31.26,-0.62,-1.98,181412.47,561088.285
1067,002460.SZ,20161103,31.24,31.95,31.16,31.26,31.48,-0.22,-0.7,169284.57,532354.581
1068,002460.SZ,20161102,32.04,32.15,31.41,31.48,32.19,-0.71,-2.21,202877.55,644628.317
1069,002460.SZ,20161101,32.01,32.48,31.72,32.19,32.17,0.02,0.06,215305.88,689993.58
1070,002460.SZ,20161031,31.18,32.32,31.02,32.17,31.45,0.72,2.29,267299.12,854709.839
1071,002460.SZ,20161028,31.99,32.0,31.41,31.45,31.99,-0.54,-1.69,169504.65,536314.3595
1072,002460.SZ,20161027,31.61,32.49,31.4,31.99,31.51,0.48,1.52,296337.74,951290.0956
1073,002460.SZ,20161026,31.23,31.8,30.71,31.51,31.34,0.17,0.54,208400.17,649651.5079
1074,002460.SZ,20161025,31.38,31.87,31.21,31.34,31.19,0.15,0.48,179727.27,565209.5597
1075,002460.SZ,20161024,31.23,31.38,31.0,31.19,31.03,0.16,0.52,130344.99,406424.2625
1076,002460.SZ,20161021,31.43,31.6,30.51,31.03,31.62,-0.59,-1.87,201141.22,624104.0158
1077,002460.SZ,20161020,31.25,32.3,31.0,31.62,31.23,0.39,1.25,305543.95,973621.0183
1078,002460.SZ,20161019,31.69,31.69,30.85,31.23,31.63,-0.4,-1.26,261014.48,816245.3915
1079,002460.SZ,20161018,29.7,31.9,29.6,31.63,29.84,1.79,6.0,437374.6,1363793.8449
1080,002460.SZ,20161017,29.21,30.34,29.15,29.84,29.17,0.67,2.3,298176.42,892311.7349
1081,002460.SZ,20161014,29.21,29.35,28.88,29.17,29.16,0.01,0.03,92841.6,270221.624
1082,002460.SZ,20161013,29.25,29.46,29.05,29.16,29.32,-0.16,-0.55,86677.43,253504.4649
1083,002460.SZ,20161012,29.23,29.58,28.95,29.32,29.32,0.0,0.0,82934.34,242784.7287
1084,002460.SZ,20161011,29.49,29.89,29.1,29.32,29.41,-0.09,-0.31,126111.58,371450.333
1085,002460.SZ,20161010,28.9,29.48,28.9,29.41,28.83,0.58,2.01,141694.44,415320.9845
1086,002460.SZ,20160930,28.11,29.23,28.11,28.83,28.18,0.65,2.31,140627.77,404235.1518
1087,002460.SZ,20160929,28.42,28.58,28.14,28.18,28.46,-0.28,-0.98,87106.55,246353.5337
1088,002460.SZ,20160928,28.22,28.85,28.19,28.46,28.2,0.26,0.92,143045.59,407587.7529
1089,002460.SZ,20160927,27.9,28.48,27.78,28.2,27.93,0.27,0.97,152892.6,431138.2474
1090,002460.SZ,20160926,29.12,29.35,27.9,27.93,29.41,-1.48,-5.03,174853.82,500154.431
1091,002460.SZ,20160923,29.89,29.99,29.4,29.41,29.84,-0.43,-1.44,97201.11,287494.524
1092,002460.SZ,20160922,30.22,30.38,29.8,29.84,30.0,-0.16,-0.53,97083.15,291891.0075
1093,002460.SZ,20160921,29.96,30.54,29.9,30.0,30.2,-0.2,-0.66,101252.7,305683.8183
1094,002460.SZ,20160920,29.82,30.7,29.24,30.2,29.83,0.37,1.24,189563.5,568550.9606
1095,002460.SZ,20160919,29.15,30.3,29.15,29.83,29.14,0.69,2.37,186177.55,556720.6509
1096,002460.SZ,20160914,29.99,29.99,28.88,29.14,30.12,-0.98,-3.25,209827.77,611700.5653
1097,002460.SZ,20160913,30.46,30.88,29.88,30.12,30.45,-0.33,-1.08,167603.86,504534.6187
1098,002460.SZ,20160912,31.35,31.65,30.0,30.45,32.32,-1.87,-5.79,240863.97,744784.1065
1099,002460.SZ,20160909,32.9,33.19,32.26,32.32,32.81,-0.49,-1.49,179906.98,587125.2483
1100,002460.SZ,20160908,32.38,33.26,32.25,32.81,32.22,0.59,1.83,253386.07,833002.3408
1101,002460.SZ,20160907,32.9,32.9,32.11,32.22,32.94,-0.72,-2.19,181079.97,589191.0482
1102,002460.SZ,20160906,31.73,33.5,31.5,32.94,31.68,1.26,3.98,288070.93,937054.8471
1103,002460.SZ,20160905,31.85,32.05,31.64,31.68,31.8,-0.12,-0.38,100354.93,319218.3546
1104,002460.SZ,20160902,32.45,32.7,31.64,31.8,32.43,-0.63,-1.94,147989.28,475164.919
1105,002460.SZ,20160901,32.8,32.88,32.41,32.43,32.92,-0.49,-1.49,120161.25,391606.7099
1106,002460.SZ,20160831,32.57,33.09,32.43,32.92,32.52,0.4,1.23,154915.91,508905.3451
1107,002460.SZ,20160830,32.41,32.97,32.41,32.52,32.48,0.04,0.12,101216.44,330484.8929
1108,002460.SZ,20160829,32.85,32.99,32.31,32.48,32.95,-0.47,-1.43,140797.35,458960.7793
1109,002460.SZ,20160826,33.24,33.47,32.91,32.95,33.08,-0.13,-0.39,135583.83,449884.6889
1110,002460.SZ,20160825,33.25,33.4,32.64,33.08,33.25,-0.17,-0.51,167386.2,552628.0727
1111,002460.SZ,20160824,33.09,33.52,33.0,33.25,33.2,0.05,0.15,163600.86,544466.8087
1112,002460.SZ,20160823,34.04,34.13,32.7,33.2,33.82,-0.62,-1.83,225752.04,751234.6634
1113,002460.SZ,20160822,33.8,34.29,33.62,33.82,33.68,0.14,0.42,243076.11,825196.081
1114,002460.SZ,20160819,33.65,33.77,33.13,33.68,33.46,0.22,0.66,164359.2,550519.0941
1115,002460.SZ,20160818,33.67,34.27,33.4,33.46,33.67,-0.21,-0.62,214385.2,723206.6723
1116,002460.SZ,20160817,33.9,34.06,33.49,33.67,34.12,-0.45,-1.32,226071.46,762037.222
1117,002460.SZ,20160816,33.01,34.38,33.0,34.12,33.16,0.96,2.9,407785.55,1385516.4654
1118,002460.SZ,20160815,32.47,33.5,32.19,33.16,32.46,0.7,2.16,284862.78,940575.1246
1119,002460.SZ,20160812,32.09,32.64,32.09,32.46,32.24,0.22,0.68,136637.64,442620.1603
1120,002460.SZ,20160811,33.1,33.19,32.23,32.24,33.31,-1.07,-3.21,231912.96,756252.6378
1121,002460.SZ,20160810,33.23,34.19,33.03,33.31,33.12,0.19,0.57,287434.86,964027.1748
1122,002460.SZ,20160809,32.68,33.3,32.57,33.12,32.71,0.41,1.25,198058.22,654566.332
1123,002460.SZ,20160808,32.7,32.75,32.03,32.71,32.86,-0.15,-0.46,186491.12,604284.8279
1124,002460.SZ,20160805,33.1,33.32,32.82,32.86,33.53,-0.67,-2.0,213158.27,704149.5613
1125,002460.SZ,20160804,33.07,34.13,32.46,33.53,32.98,0.55,1.67,353279.65,1181853.1335
1126,002460.SZ,20160803,33.01,33.42,32.76,32.98,33.01,-0.03,-0.09,189472.29,626509.4862
1127,002460.SZ,20160802,32.95,33.28,32.51,33.01,32.97,0.04,0.12,182803.65,601973.5318
1128,002460.SZ,20160801,33.4,33.47,32.15,32.97,33.72,-0.75,-2.22,264827.94,865882.8623
1129,002460.SZ,20160729,34.32,34.58,33.33,33.72,34.34,-0.62,-1.81,237169.22,804975.0747
1130,002460.SZ,20160728,33.6,34.79,33.42,34.34,34.09,0.25,0.73,308325.39,1053867.2894
1131,002460.SZ,20160727,35.48,35.95,32.61,34.09,35.45,-1.36,-3.84,427470.52,1467228.8514
1132,002460.SZ,20160726,35.0,35.88,35.0,35.45,34.95,0.5,1.43,277988.91,985163.9415
1133,002460.SZ,20160725,35.98,35.99,34.3,34.95,36.63,-1.68,-4.59,483829.99,1703868.9912
1134,002460.SZ,20160722,38.2,38.45,36.39,36.63,38.67,-2.04,-5.28,582181.96,2174395.6056
1135,002460.SZ,20160721,37.61,38.98,36.88,38.67,37.87,0.8,2.11,610582.74,2320575.88
1136,002460.SZ,20160720,38.2,38.43,37.58,37.87,38.31,-0.44,-1.15,334034.56,1267911.6258
1137,002460.SZ,20160719,38.51,39.6,37.55,38.31,38.7,-0.39,-1.01,529951.52,2037225.7233
1138,002460.SZ,20160718,38.0,39.78,37.71,38.7,38.7,0.0,0.0,687999.67,2676047.9493
1139,002460.SZ,20160715,36.69,39.6,36.53,38.7,37.07,1.63,4.4,858507.85,3291422.9306
1140,002460.SZ,20160714,36.0,37.32,35.38,37.07,35.93,1.14,3.17,601800.34,2195120.9927
1141,002460.SZ,20160713,36.07,36.69,35.35,35.93,35.7,0.23,0.64,567075.02,2041584.4103
1142,002460.SZ,20160712,36.0,36.28,34.0,35.7,37.39,-1.69,-4.52,884724.92,3137308.1195
1143,002460.SZ,20160708,38.55,39.8,37.37,37.39,37.65,-0.26,-0.69,1392072.62,5335873.3121
1144,002460.SZ,20160707,34.65,37.65,34.54,37.65,34.23,3.42,9.99,1314719.17,4761661.6978
1145,002460.SZ,20160706,34.19,35.17,33.85,34.23,34.67,-0.44,-1.27,510164.06,1754595.4699
1146,002460.SZ,20160705,34.3,35.49,33.64,34.67,34.15,0.52,1.52,705631.35,2433332.6466
1147,002460.SZ,20160704,32.9,34.65,32.6,34.15,33.46,0.69,2.06,495267.32,1680617.9925
1148,002460.SZ,20160701,33.6,34.13,33.22,33.46,33.45,0.01,0.03,424537.17,1432607.6781
1149,002460.SZ,20160630,33.95,34.18,32.7,33.45,34.4,-0.95,-2.76,585055.68,1953708.1991
1150,002460.SZ,20160629,32.03,34.9,32.03,34.4,31.8,2.6,8.18,913461.26,3086449.3553
1151,002460.SZ,20160628,32.15,32.24,31.36,31.8,32.45,-0.65,-2.0,360158.51,1143705.3661
1152,002460.SZ,20160627,31.8,32.58,31.3,32.45,32.2,0.25,0.78,442002.59,1410638.1253
1153,002460.SZ,20160624,33.4,33.99,30.8,32.2,33.36,-1.16,-3.48,477296.06,1565467.4637
1154,002460.SZ,20160623,68.04,68.54,66.7,66.86,68.99,-2.13,-3.09,194845.79,1310557.1278
1155,002460.SZ,20160622,67.5,68.99,66.41,68.99,68.53,0.46,0.67,220793.66,1494013.9001
1156,002460.SZ,20160621,72.8,73.53,68.03,68.53,71.5,-2.97,-4.15,387920.96,2752640.6214
1157,002460.SZ,20160620,70.49,71.75,69.01,71.5,69.35,2.15,3.1,369108.0,2599493.5335
1158,002460.SZ,20160617,69.7,70.54,68.02,69.35,70.12,-0.77,-1.1,291644.85,2015575.8617
1159,002460.SZ,20160616,68.5,72.37,68.04,70.12,68.38,1.74,2.54,473658.18,3333451.6351
1160,002460.SZ,20160615,63.05,70.68,63.02,68.38,64.3,4.08,6.35,384880.75,2617606.801
1161,002460.SZ,20160614,64.48,66.49,63.63,64.3,65.2,-0.9,-1.38,216028.8,1397460.1692
1162,002460.SZ,20160613,68.75,69.69,65.2,65.2,70.06,-4.86,-6.94,353959.46,2395872.3018
1163,002460.SZ,20160608,65.5,72.2,65.3,70.06,66.0,4.06,6.15,495922.29,3413371.9241
1164,002460.SZ,20160607,67.0,67.19,65.53,66.0,66.83,-0.83,-1.24,207241.26,1371452.6234
1165,002460.SZ,20160606,66.3,67.0,65.4,66.83,66.13,0.7,1.06,231362.92,1531272.767
1166,002460.SZ,20160603,65.5,67.38,65.03,66.13,65.23,0.9,1.38,267406.74,1771336.0209
1167,002460.SZ,20160602,65.15,66.65,64.41,65.23,65.63,-0.4,-0.61,228138.72,1490467.6437
1168,002460.SZ,20160601,64.05,68.48,63.71,65.63,64.0,1.63,2.55,366167.9,2425034.5407
1169,002460.SZ,20160531,61.87,64.28,61.53,64.0,61.28,2.72,4.44,252462.12,1603223.5695
1170,002460.SZ,20160530,60.32,62.19,60.18,61.28,61.6,-0.32,-0.52,190904.69,1173244.0267
1171,002460.SZ,20160527,64.53,65.79,60.71,61.6,65.23,-3.63,-5.56,287889.84,1814004.3491
1172,002460.SZ,20160526,65.14,65.5,61.8,65.23,65.15,0.08,0.12,309202.66,1966446.9232
1173,002460.SZ,20160525,68.38,69.33,64.2,65.15,68.22,-3.07,-4.5,350709.06,2348999.674
1174,002460.SZ,20160524,69.55,70.35,67.01,68.22,70.35,-2.13,-3.03,322634.63,2217831.5875
1175,002460.SZ,20160523,69.8,70.98,67.21,70.35,68.8,1.55,2.25,374224.39,2588874.7588
1176,002460.SZ,20160520,70.88,73.28,67.17,68.8,70.28,-1.48,-2.11,485769.57,3419477.0531
1177,002460.SZ,20160519,68.03,71.58,67.23,70.28,67.8,2.48,3.66,455115.09,3179333.6583
1178,002460.SZ,20160518,68.51,69.91,65.2,67.8,70.46,-2.66,-3.78,419855.21,2839433.501
1179,002460.SZ,20160517,70.3,75.3,69.93,70.46,70.46,0.0,0.0,550383.87,3965371.6487
1180,002460.SZ,20160516,68.45,71.55,67.64,70.46,69.02,1.44,2.09,450105.52,3145796.9158
1181,002460.SZ,20160513,66.93,71.17,66.02,69.02,67.78,1.24,1.83,550439.75,3798378.5511
1182,002460.SZ,20160512,61.0,68.37,60.28,67.78,62.32,5.46,8.76,526494.88,3408936.403
1183,002460.SZ,20160511,63.53,65.27,62.0,62.32,62.51,-0.19,-0.3,327103.14,2084761.949
1184,002460.SZ,20160510,65.4,65.4,60.75,62.51,66.07,-3.56,-5.39,352702.58,2230512.9706
1185,002460.SZ,20160509,66.99,68.6,62.4,66.07,67.6,-1.53,-2.26,443321.7,2927372.7721
1186,002460.SZ,20160506,68.93,72.79,67.5,67.6,69.31,-1.71,-2.47,599079.3,4197353.1065
1187,002460.SZ,20160505,66.0,70.0,65.8,69.31,66.66,2.65,3.98,417043.69,2817142.8433
1188,002460.SZ,20160504,66.09,69.08,65.82,66.66,66.48,0.18,0.27,477595.34,3213181.2218
1189,002460.SZ,20160503,62.3,67.3,61.24,66.48,62.23,4.25,6.83,489678.29,3159321.6232
1190,002460.SZ,20160429,60.15,63.55,60.08,62.23,61.0,1.23,2.02,471631.07,2929605.3291
1191,002460.SZ,20160428,59.8,61.87,56.97,61.0,59.55,1.45,2.43,442421.3,2622853.6994
1192,002460.SZ,20160427,59.4,62.1,59.01,59.55,59.2,0.35,0.59,416150.51,2525505.6973
1193,002460.SZ,20160426,57.01,60.87,56.91,59.2,57.83,1.37,2.37,408669.4,2435348.4878
1194,002460.SZ,20160425,58.7,59.89,55.58,57.83,59.39,-1.56,-2.63,339070.97,1970773.3763
1195,002460.SZ,20160422,54.79,59.9,54.03,59.39,55.65,3.74,6.72,431332.73,2456642.5842
1196,002460.SZ,20160421,59.94,60.53,55.3,55.65,61.15,-5.5,-8.99,460166.3,2672189.1245
1197,002460.SZ,20160420,59.5,62.88,57.75,61.15,59.3,1.85,3.12,664995.39,4036343.5456
1198,002460.SZ,20160419,58.1,60.7,58.1,59.3,58.5,0.8,1.37,396663.1,2358560.3444
1199,002460.SZ,20160418,54.66,60.0,54.54,58.5,55.48,3.02,5.44,470234.12,2704305.2175
1200,002460.SZ,20160415,55.56,55.99,53.8,55.48,55.75,-0.27,-0.48,256540.45,1409615.7418
1201,002460.SZ,20160414,55.22,56.58,54.5,55.75,55.05,0.7,1.27,248992.15,1383886.7994
1202,002460.SZ,20160413,54.93,56.68,54.84,55.05,54.79,0.26,0.47,317525.67,1771773.2283
1203,002460.SZ,20160412,58.3,58.8,53.5,54.79,59.34,-4.55,-7.67,438568.01,2457834.8681
1204,002460.SZ,20160411,60.48,60.48,57.55,59.34,58.72,0.62,1.06,381905.68,2257379.8771
1205,002460.SZ,20160408,57.42,59.2,56.83,58.72,58.0,0.72,1.24,388129.26,2244869.3782
1206,002460.SZ,20160407,56.0,60.61,55.4,58.0,56.32,1.68,2.98,495291.14,2871529.9832
1207,002460.SZ,20160406,52.7,57.99,52.5,56.32,53.72,2.6,4.84,408454.19,2235750.4033
1208,002460.SZ,20160405,53.5,55.63,52.67,53.72,52.39,1.33,2.54,389842.19,2107243.2963
1209,002460.SZ,20160401,50.97,52.48,49.88,52.39,51.24,1.15,2.24,336159.03,1715120.4308
1210,002460.SZ,20160331,52.69,53.35,50.9,51.24,51.27,-0.03,-0.06,520698.27,2704740.223
1211,002460.SZ,20160330,47.2,51.27,47.2,51.27,46.61,4.66,10.0,473538.29,2342231.5793
1212,002460.SZ,20160329,47.1,48.15,45.5,46.61,47.69,-1.08,-2.26,296267.3,1382851.7024
1213,002460.SZ,20160328,46.9,49.8,46.52,47.69,45.7,1.99,4.35,480217.48,2304984.663
1214,002460.SZ,20160325,47.1,47.45,44.86,45.7,46.56,-0.86,-1.85,313019.7,1437263.95
1215,002460.SZ,20160324,44.7,48.82,44.0,46.56,45.46,1.1,2.42,443719.17,2072623.8567
1216,002460.SZ,20160323,45.6,45.81,44.12,45.46,46.82,-1.36,-2.9,376580.9,1694033.76
1217,002460.SZ,20160321,46.56,46.94,45.06,46.82,45.99,0.83,1.8,402858.57,1856474.6299
1218,002460.SZ,20160318,45.27,47.26,44.7,45.99,45.32,0.67,1.48,545555.39,2495495.0939
1219,002460.SZ,20160317,41.52,45.32,41.21,45.32,41.2,4.12,10.0,491356.17,2139948.2375
1220,002460.SZ,20160316,41.21,42.17,39.85,41.2,40.34,0.86,2.13,342973.68,1409569.9852
1221,002460.SZ,20160315,39.7,42.59,39.4,40.34,40.04,0.3,0.75,406241.59,1673188.7085
1222,002460.SZ,20160314,38.19,40.85,38.19,40.04,37.18,2.86,7.69,333372.89,1328735.9203
1223,002460.SZ,20160311,37.1,38.15,36.5,37.18,38.06,-0.88,-2.31,173335.03,648170.9337
1224,002460.SZ,20160310,37.8,39.2,37.0,38.06,37.51,0.55,1.47,237943.8,910807.4167
1225,002460.SZ,20160309,37.73,39.54,37.29,37.51,39.09,-1.58,-4.04,237632.1,910658.9656
1226,002460.SZ,20160308,36.99,40.0,34.4,39.09,36.85,2.24,6.08,343896.63,1301673.6619
1227,002460.SZ,20160307,36.8,37.64,36.3,36.85,35.95,0.9,2.5,150827.04,558114.6078
1228,002460.SZ,20160304,38.79,39.5,35.5,35.95,38.71,-2.76,-7.13,237916.98,884161.423
1229,002460.SZ,20160303,38.5,40.47,38.43,38.71,38.97,-0.26,-0.67,259603.44,1022650.6951
1230,002460.SZ,20160302,36.8,39.81,36.2,38.97,37.02,1.95,5.27,262722.95,996626.4463
1231,002460.SZ,20160301,35.9,37.48,34.4,37.02,35.88,1.14,3.18,239876.68,865154.8356
1232,002460.SZ,20160229,39.48,39.48,35.88,35.88,39.87,-3.99,-10.01,254724.07,927632.8961
1233,002460.SZ,20160226,41.14,41.47,38.11,39.87,40.69,-0.82,-2.02,243463.28,979207.1764
1234,002460.SZ,20160225,45.8,46.3,40.21,40.69,44.68,-3.99,-8.93,361435.22,1581987.6207
1235,002460.SZ,20160224,44.0,45.1,43.51,44.68,44.79,-0.11,-0.25,212452.86,942689.7242
1236,002460.SZ,20160223,46.8,46.84,43.7,44.79,46.84,-2.05,-4.38,334012.58,1504295.649
1237,002460.SZ,20160222,45.1,47.5,44.24,46.84,44.6,2.24,5.02,363098.03,1673435.4398
1238,002460.SZ,20160219,44.6,45.45,43.55,44.6,44.58,0.02,0.04,209368.53,931217.5831
1239,002460.SZ,20160218,45.65,47.23,44.5,44.58,45.23,-0.65,-1.44,284629.81,1304507.3232
1240,002460.SZ,20160217,45.28,45.99,44.05,45.23,45.62,-0.39,-0.85,273785.41,1231116.9622
1241,002460.SZ,20160216,44.6,46.2,43.74,45.62,44.77,0.85,1.9,365293.8,1645457.9292
1242,002460.SZ,20160215,41.55,45.78,41.03,44.77,42.9,1.87,4.36,343503.24,1492965.7442
1243,002460.SZ,20160205,45.3,45.8,42.6,42.9,42.97,-0.07,-0.16,426393.83,1891569.9486
1244,002460.SZ,20160204,39.34,42.97,38.8,42.97,39.06,3.91,10.01,407509.42,1652644.6186
1245,002460.SZ,20160203,36.15,39.59,36.08,39.06,37.0,2.06,5.57,318268.12,1200305.3985
1246,002460.SZ,20160202,36.2,38.5,35.63,37.0,36.0,1.0,2.78,284171.87,1059807.5699
1247,002460.SZ,20160201,36.99,38.18,34.6,36.0,36.78,-0.78,-2.12,401376.57,1475862.367
1248,002460.SZ,20160129,33.1,36.78,32.5,36.78,33.44,3.34,9.99,383040.37,1359925.4985
1249,002460.SZ,20160128,36.3,36.89,33.44,33.44,37.15,-3.71,-9.99,220378.29,774732.8265
1250,002460.SZ,20160127,38.92,39.5,35.04,37.15,38.93,-1.78,-4.57,309740.94,1132673.0438
1251,002460.SZ,20160126,42.5,42.55,38.93,38.93,43.26,-4.33,-10.01,272206.09,1106513.4968
1252,002460.SZ,20160125,44.5,45.25,42.5,43.26,43.88,-0.62,-1.41,221661.62,978553.2645
1253,002460.SZ,20160122,43.69,45.15,41.2,43.88,43.88,0.0,0.0,290868.28,1264839.9601
1254,002460.SZ,20160121,47.35,49.19,43.88,43.88,48.76,-4.88,-10.01,390617.43,1801455.6422
1255,002460.SZ,20160120,47.88,50.72,47.52,48.76,48.4,0.36,0.74,354731.24,1742201.9532
1256,002460.SZ,20160119,46.25,48.48,46.05,48.4,46.4,2.0,4.31,339715.73,1612727.9451
1257,002460.SZ,20160118,44.6,47.5,44.13,46.4,46.32,0.08,0.17,336461.06,1536338.9365
1258,002460.SZ,20160115,46.2,48.64,46.0,46.32,47.3,-0.98,-2.07,444903.18,2093987.1166
1259,002460.SZ,20160114,40.5,47.3,40.05,47.3,43.0,4.3,10.0,411164.19,1846719.6952
1260,002460.SZ,20160113,44.9,45.5,42.05,43.0,44.82,-1.82,-4.06,307053.28,1348833.5575
1261,002460.SZ,20160112,44.1,45.8,42.81,44.82,42.96,1.86,4.33,326352.41,1452790.956
1262,002460.SZ,20160111,42.5,46.38,41.5,42.96,45.21,-2.25,-4.98,315069.58,1400004.6917
1263,002460.SZ,20160108,47.5,47.73,42.53,45.21,47.25,-2.04,-4.32,355842.94,1624747.8488
1264,002460.SZ,20160107,50.6,50.6,47.25,47.25,52.5,-5.25,-10.0,76680.38,372185.2951
1265,002460.SZ,20160106,51.71,52.52,48.05,52.5,51.06,1.44,2.82,358204.39,1818113.8359
1266,002460.SZ,20160105,50.98,53.5,50.98,51.06,56.64,-5.58,-9.85,381225.97,1966112.8189
1267,002460.SZ,20160104,63.0,63.0,56.64,56.64,62.93,-6.29,-10.0,302004.71,1752339.157
1268,002460.SZ,20151231,63.22,66.97,62.35,62.93,63.21,-0.28,-0.44,370338.07,2406572.9519
1269,002460.SZ,20151230,63.84,64.48,61.66,63.21,63.88,-0.67,-1.05,301323.7,1893533.8282
1270,002460.SZ,20151229,59.4,64.99,58.8,63.88,59.15,4.73,8.0,445377.22,2776779.8457
1271,002460.SZ,20151228,60.0,61.88,58.98,59.15,60.8,-1.65,-2.71,224420.43,1350158.9132
1272,002460.SZ,20151225,59.32,62.98,59.32,60.8,58.9,1.9,3.23,338445.74,2069760.1766
1273,002460.SZ,20151224,59.1,60.5,57.52,58.9,59.45,-0.55,-0.93,201851.17,1187599.875
1274,002460.SZ,20151223,60.09,62.0,58.87,59.45,60.14,-0.69,-1.15,277670.4,1679832.2269
1275,002460.SZ,20151222,60.01,60.5,58.53,60.14,59.97,0.17,0.28,211017.81,1257500.8976
1276,002460.SZ,20151221,62.03,62.77,59.01,59.97,62.99,-3.02,-4.79,337015.15,2031049.9763
1277,002460.SZ,20151218,60.8,66.1,60.65,62.99,60.99,2.0,3.28,482971.82,3051182.9515
1278,002460.SZ,20151217,60.77,63.15,60.0,60.99,60.4,0.59,0.98,349225.72,2142786.4572
1279,002460.SZ,20151216,61.87,62.75,60.04,60.4,62.75,-2.35,-3.75,334625.95,2054410.954
1280,002460.SZ,20151215,58.68,64.0,58.31,62.75,59.05,3.7,6.27,424203.24,2582104.9277
1281,002460.SZ,20151214,58.68,60.26,55.9,59.05,59.92,-0.87,-1.45,402957.67,2338088.519
1282,002460.SZ,20151211,62.01,64.39,59.51,59.92,63.2,-3.28,-5.19,416973.07,2584349.711
1283,002460.SZ,20151210,62.99,65.4,60.8,63.2,62.7,0.5,0.8,643899.84,4042953.4834
1284,002460.SZ,20151209,57.0,62.7,56.0,62.7,57.0,5.7,10.0,609922.7,3768013.963
1285,002460.SZ,20151208,52.55,58.18,52.03,57.0,53.39,3.61,6.76,505648.56,2766105.1622
1286,002460.SZ,20151207,50.65,54.45,49.02,53.39,49.5,3.89,7.86,508538.25,2663936.1805
1287,002460.SZ,20151204,49.4,50.34,47.6,49.5,49.83,-0.33,-0.66,456008.26,2235333.1761
1288,002460.SZ,20151203,46.3,49.83,46.1,49.83,45.3,4.53,10.0,591735.45,2879584.7043
1289,002460.SZ,20151202,43.49,46.85,42.0,45.3,44.08,1.22,2.77,324845.53,1455087.9996
1290,002460.SZ,20151201,47.39,47.39,42.67,44.08,47.41,-3.33,-7.02,386452.17,1740008.279
1291,002460.SZ,20151130,44.25,47.41,43.01,47.41,43.1,4.31,10.0,353336.93,1601132.6609
1292,002460.SZ,20151127,45.0,46.63,42.23,43.1,45.66,-2.56,-5.61,272982.42,1228682.2117
1293,002460.SZ,20151126,47.7,47.71,44.85,45.66,47.91,-2.25,-4.7,334776.02,1538420.933
1294,002460.SZ,20151125,47.83,48.47,47.01,47.91,47.83,0.08,0.17,234792.05,1122413.306
1295,002460.SZ,20151124,47.16,48.64,46.35,47.83,46.44,1.39,2.99,300236.78,1421936.2929
1296,002460.SZ,20151123,50.01,51.8,45.81,46.44,50.9,-4.46,-8.76,548426.51,2649745.8217
1297,002460.SZ,20151120,50.9,54.45,49.32,50.9,49.5,1.4,2.83,657226.91,3396573.1921
1298,002460.SZ,20151119,45.6,49.5,44.0,49.5,45.0,4.5,10.0,526197.64,2482545.9379
1299,002460.SZ,20151118,46.8,47.5,44.0,45.0,46.0,-1.0,-2.17,360373.95,1646521.0301
1300,002460.SZ,20151117,47.6,49.49,45.78,46.0,45.72,0.28,0.61,413711.0,1963650.0891
1301,002460.SZ,20151116,44.5,46.68,44.5,45.72,45.83,-0.11,-0.24,268766.1,1220587.925
1302,002460.SZ,20151113,45.45,50.0,44.3,45.83,46.16,-0.33,-0.71,546064.55,2559550.8346
1303,002460.SZ,20151112,45.88,48.5,44.09,46.16,46.91,-0.75,-1.6,487607.17,2249669.4947
1304,002460.SZ,20151111,47.8,48.98,45.58,46.91,45.68,1.23,2.69,507619.03,2399183.9257
1305,002460.SZ,20151110,41.0,45.68,40.68,45.68,41.53,4.15,9.99,429092.49,1863653.3825
1306,002460.SZ,20151109,37.61,42.18,37.4,41.53,38.37,3.16,8.24,455698.82,1827589.1759
1307,002460.SZ,20151106,36.65,38.99,36.5,38.37,37.05,1.32,3.56,431146.14,1618032.0744
1308,002460.SZ,20151105,37.5,39.85,36.55,37.05,36.52,0.53,1.45,595183.61,2265916.2538
1309,002460.SZ,20151104,33.35,36.52,32.89,36.52,33.2,3.32,10.0,428592.73,1505722.1291
1310,002460.SZ,20151103,32.3,34.42,32.11,33.2,32.7,0.5,1.53,385422.07,1283676.0702
1311,002460.SZ,20151102,32.2,35.42,32.1,32.7,34.06,-1.36,-3.99,525531.85,1770696.7124
1312,002460.SZ,20151030,31.0,34.5,30.8,34.06,31.36,2.7,8.61,606418.22,2025793.478
1313,002460.SZ,20151029,33.0,33.78,30.58,31.36,30.93,0.43,1.39,373669.12,1184524.5273
1314,002460.SZ,20151028,30.0,31.99,29.7,30.93,30.38,0.55,1.81,412253.85,1283866.4032
1315,002460.SZ,20151027,30.11,30.87,28.3,30.38,31.13,-0.75,-2.41,313312.3,931231.9026
1316,002460.SZ,20151026,30.0,31.94,29.08,31.13,29.84,1.29,4.32,433728.57,1337010.6606
1317,002460.SZ,20151023,29.7,30.75,28.66,29.84,28.88,0.96,3.32,398624.18,1186043.8932
1318,002460.SZ,20151022,27.65,29.1,26.85,28.88,27.72,1.16,4.18,386607.56,1088668.6053
1319,002460.SZ,20151021,30.79,31.5,27.72,27.72,30.8,-3.08,-10.0,439884.13,1287542.1134
1320,002460.SZ,20151020,31.0,31.05,30.2,30.8,31.51,-0.71,-2.25,289643.16,887918.5346
1321,002460.SZ,20151019,29.5,32.3,28.66,31.51,29.76,1.75,5.88,491572.76,1495349.2515
1322,002460.SZ,20151016,30.21,32.0,29.51,29.76,29.32,0.44,1.5,440641.15,1343091.2295
1323,002460.SZ,20151015,28.33,29.77,28.18,29.32,28.65,0.67,2.34,313146.25,910165.7659
1324,002460.SZ,20151014,29.6,29.9,28.41,28.65,29.67,-1.02,-3.44,411086.39,1196688.9873
1325,002460.SZ,20151013,27.01,30.0,26.92,29.67,27.62,2.05,7.42,444775.94,1251385.0204
1326,002460.SZ,20151012,26.78,29.38,26.7,27.62,26.78,0.84,3.14,457708.39,1281084.6714
1327,002460.SZ,20151009,26.52,27.36,26.15,26.78,26.9,-0.12,-0.45,382317.66,1025618.3017
1328,002460.SZ,20151008,26.24,27.5,25.6,26.9,25.18,1.72,6.83,387236.04,1038941.1941
1329,002460.SZ,20150930,26.62,27.23,24.68,25.18,25.98,-0.8,-3.08,330991.11,851183.4479
1330,002460.SZ,20150929,25.51,27.88,25.03,25.98,26.05,-0.07,-0.27,442950.19,1174593.2679
1331,002460.SZ,20150928,24.8,26.4,23.7,26.05,24.99,1.06,4.24,413668.12,1057881.7113
1332,002460.SZ,20150925,25.3,26.2,23.67,24.99,25.58,-0.59,-2.31,481852.96,1216764.3164
1333,002460.SZ,20150924,26.49,26.5,25.01,25.58,26.48,-0.9,-3.4,555541.84,1421434.888
1334,002460.SZ,20150923,23.99,26.57,23.93,26.48,24.15,2.33,9.65,700076.32,1822553.4947
1335,002460.SZ,20150922,24.7,25.2,23.93,24.15,25.1,-0.95,-3.78,499560.08,1220780.919
1336,002460.SZ,20150921,22.38,25.31,22.31,25.1,23.2,1.9,8.19,649487.41,1529334.2147
1337,002460.SZ,20150918,22.62,23.9,22.3,23.2,21.73,1.47,6.76,740745.77,1718348.8956
1338,002460.SZ,20150917,21.5,21.73,21.18,21.73,19.75,1.98,10.03,205992.6,446110.81
1339,002460.SZ,20150916,18.5,19.75,18.26,19.75,17.95,1.8,10.03,326638.82,630656.7394
1340,002460.SZ,20150915,19.14,19.5,17.95,17.95,19.94,-1.99,-9.98,281736.48,523576.0859
1341,002460.SZ,20150914,22.27,22.48,19.94,19.94,22.15,-2.21,-9.98,277146.47,581382.6649
1342,002460.SZ,20150911,21.65,22.49,21.2,22.15,21.35,0.8,3.75,298725.03,653977.6375
1343,002460.SZ,20150910,21.4,22.88,21.0,21.35,22.22,-0.87,-3.92,378217.82,831709.7351
1344,002460.SZ,20150909,20.8,22.22,20.8,22.22,20.2,2.02,10.0,453747.86,987216.0576
1345,002460.SZ,20150908,18.38,20.2,18.02,20.2,18.36,1.84,10.02,269691.72,515708.511
1346,002460.SZ,20150907,18.31,19.75,17.88,18.36,17.95,0.41,2.28,275284.23,516674.1423
1347,002460.SZ,20150902,17.01,19.78,16.98,17.95,18.41,-0.46,-2.5,277483.14,514352.0537
1348,002460.SZ,20150901,19.81,19.98,18.41,18.41,20.45,-2.04,-9.98,247594.02,468422.6381
1349,002460.SZ,20150831,20.06,21.69,19.78,20.45,20.89,-0.44,-2.11,371138.16,768074.8163
1350,002460.SZ,20150828,20.58,21.11,19.75,20.89,19.36,1.53,7.9,480827.5,983947.0368
1351,002460.SZ,20150827,18.6,19.36,18.38,19.36,17.6,1.76,10.0,440282.73,844418.7254
1352,002460.SZ,20150826,17.45,18.95,16.7,17.6,17.32,0.28,1.62,343383.23,612492.611
1353,002460.SZ,20150825,17.33,18.28,17.32,17.32,19.24,-1.92,-9.98,208794.91,365396.2807
1354,002460.SZ,20150824,20.88,20.88,19.24,19.24,21.38,-2.14,-10.01,170548.39,334644.5414
1355,002460.SZ,20150821,22.67,23.29,21.02,21.38,23.3,-1.92,-8.24,237258.95,523085.702
1356,002460.SZ,20150820,24.96,25.34,23.3,23.3,25.59,-2.29,-8.95,185589.6,454894.5665
1357,002460.SZ,20150819,23.99,25.88,22.55,25.59,25.06,0.53,2.11,288295.06,695911.8962
1358,002460.SZ,20150818,27.4,27.7,25.06,25.06,27.84,-2.78,-9.99,288123.75,757795.8543
1359,002460.SZ,20150817,26.68,28.87,26.4,27.84,27.27,0.57,2.09,265872.73,744082.9634
1360,002460.SZ,20150814,28.48,28.68,26.89,27.27,28.37,-1.1,-3.88,283334.5,783827.6582
1361,002460.SZ,20150813,27.0,28.7,26.78,28.37,27.14,1.23,4.53,384929.41,1070022.8451
1362,002460.SZ,20150812,28.0,28.47,26.86,27.14,28.15,-1.01,-3.59,398820.4,1098062.5282
1363,002460.SZ,20150811,26.0,28.85,25.89,28.15,26.23,1.92,7.32,578065.27,1631264.3072
1364,002460.SZ,20150810,24.94,26.98,24.33,26.23,24.94,1.29,5.17,463767.48,1194671.0848
1365,002460.SZ,20150807,25.0,25.84,24.13,24.94,23.55,1.39,5.9,517781.79,1285261.5685
1366,002460.SZ,20150806,21.0,23.55,20.7,23.55,21.41,2.14,10.0,268780.15,613312.1219
1367,002460.SZ,20150805,20.67,22.3,20.5,21.41,20.71,0.7,3.38,320950.84,690919.712
1368,002460.SZ,20150804,18.9,20.71,18.9,20.71,18.83,1.88,9.98,223954.91,448986.4436
1369,002460.SZ,20150803,20.31,20.39,18.66,18.83,20.73,-1.9,-9.17,194158.45,375140.5647
1370,002460.SZ,20150731,20.7,21.84,20.0,20.73,20.89,-0.16,-0.77,211896.8,447617.4146
1371,002460.SZ,20150730,21.38,22.5,20.45,20.89,21.46,-0.57,-2.66,256638.49,559626.6466
1372,002460.SZ,20150729,20.7,21.54,19.75,21.46,20.16,1.3,6.45,217100.38,446152.6803
1373,002460.SZ,20150728,19.86,21.61,18.9,20.16,20.93,-0.77,-3.68,255883.84,514925.4364
1374,002460.SZ,20150727,22.8,23.69,20.93,20.93,23.25,-2.32,-9.98,324305.92,733827.9982
1375,002460.SZ,20150724,23.8,24.38,23.0,23.25,23.25,0.0,0.0,546062.76,1293052.0143
1376,002460.SZ,20150723,23.23,23.25,22.6,23.25,21.14,2.11,9.98,300422.85,694523.5446
1377,002460.SZ,20150722,21.14,21.14,21.14,21.14,19.22,1.92,9.99,25524.48,53958.7507
1378,002460.SZ,20150721,19.22,19.22,19.22,19.22,17.47,1.75,10.02,4031.83,7749.1773
1379,002460.SZ,20150720,17.47,17.47,17.47,17.47,15.88,1.59,10.01,3903.13,6818.7681
1380,002460.SZ,20150706,19.4,19.4,15.88,15.88,17.64,-1.76,-9.98,284379.65,489900.1563
1381,002460.SZ,20150703,18.37,19.88,17.64,17.64,19.6,-1.96,-10.0,209000.28,380146.2509
1382,002460.SZ,20150702,21.65,21.65,19.6,19.6,21.78,-2.18,-10.01,216099.7,437721.0059
1383,002460.SZ,20150701,23.9,24.54,21.78,21.78,24.2,-2.42,-10.0,188810.31,446919.0104
1384,002460.SZ,20150630,21.53,24.38,20.89,24.2,23.21,0.99,4.27,242894.21,550055.3278
1385,002460.SZ,20150629,26.68,26.68,23.21,23.21,25.79,-2.58,-10.0,174816.71,426930.0933
1386,002460.SZ,20150626,28.0,28.0,25.79,25.79,28.66,-2.87,-10.01,140749.76,375452.5033
1387,002460.SZ,20150625,30.64,30.8,28.1,28.66,30.64,-1.98,-6.46,143794.32,427643.9693
1388,002460.SZ,20150624,30.54,31.5,29.92,30.64,30.23,0.41,1.36,161946.8,497279.0422
1389,002460.SZ,20150623,29.33,30.3,27.03,30.23,29.15,1.08,3.71,125500.41,367563.9681
1390,002460.SZ,20150619,30.6,31.98,28.44,29.15,31.6,-2.45,-7.75,144208.76,435944.8156
1391,002460.SZ,20150618,33.02,33.69,31.12,31.6,34.0,-2.4,-7.06,143595.88,471739.8569
1392,002460.SZ,20150617,31.05,34.0,30.17,34.0,31.0,3.0,9.68,154460.57,485281.0378
1393,002460.SZ,20150616,32.62,32.94,30.55,31.0,33.2,-2.2,-6.63,187367.03,594892.4592
1394,002460.SZ,20150615,35.5,36.16,32.75,33.2,35.6,-2.4,-6.74,217084.16,746963.2761
1395,002460.SZ,20150612,35.4,36.94,34.75,35.6,35.11,0.49,1.4,216658.63,778358.941
1396,002460.SZ,20150611,34.12,35.99,33.7,35.11,34.61,0.5,1.44,193050.43,675983.1649
1397,002460.SZ,20150610,34.0,35.42,33.53,34.61,34.48,0.13,0.38,176372.91,610998.8894
1398,002460.SZ,20150609,33.5,35.83,33.3,34.48,34.16,0.32,0.94,187265.93,650723.5051
1399,002460.SZ,20150608,36.01,36.37,33.3,34.16,35.95,-1.79,-4.98,300741.86,1030129.937
1400,002460.SZ,20150605,37.0,38.68,35.88,35.95,35.54,0.41,1.15,418863.97,1548506.4643
1401,002460.SZ,20150604,32.51,35.64,30.26,35.64,32.4,3.24,10.0,352902.43,1180604.0943
1402,002460.SZ,20150603,32.3,34.06,31.63,32.4,32.95,-0.55,-1.67,268757.99,879010.6066
1403,002460.SZ,20150602,31.9,34.29,31.4,32.95,31.95,1.0,3.13,315730.63,1033624.8711
1404,002460.SZ,20150601,31.0,32.2,30.06,31.95,29.81,2.14,7.18,454438.89,1436152.9105
1405,002460.SZ,20150529,27.4,29.81,25.98,29.81,27.1,2.71,10.0,464626.49,1339940.4665
1406,002460.SZ,20150528,28.6,30.84,26.8,27.1,28.6,-1.5,-5.24,343539.43,1002723.0397
1407,002460.SZ,20150527,29.09,29.09,28.0,28.6,28.99,-0.39,-1.35,235414.93,670836.7842
1408,002460.SZ,20150526,28.05,29.33,27.33,28.99,27.96,1.03,3.68,342017.1,973883.6112
1409,002460.SZ,20150525,27.25,28.19,27.13,27.96,27.64,0.32,1.16,248734.26,691789.4776
1410,002460.SZ,20150522,28.26,28.26,27.1,27.64,28.26,-0.62,-2.19,283189.68,781374.2608
1411,002460.SZ,20150521,27.0,28.91,26.45,28.26,26.95,1.31,4.86,380311.76,1057130.9269
1412,002460.SZ,20150520,26.8,26.96,25.1,26.95,24.51,2.44,9.96,402208.29,1061644.0746
1413,002460.SZ,20150512,24.4,24.75,23.97,24.51,24.25,0.26,1.07,169894.72,414028.5009
1414,002460.SZ,20150511,23.69,24.29,23.59,24.25,23.45,0.8,3.41,121431.72,292442.1925
1415,002460.SZ,20150508,23.05,23.5,22.66,23.45,22.48,0.97,4.31,106779.99,245867.4254
1416,002460.SZ,20150507,23.95,24.08,22.4,22.48,23.9,-1.42,-5.94,116054.97,268878.1408
1417,002460.SZ,20150506,24.58,25.14,23.51,23.9,24.54,-0.64,-2.61,114571.42,281147.8958
1418,002460.SZ,20150505,25.67,25.67,24.25,24.54,25.94,-1.4,-5.4,149211.52,373801.355
1419,002460.SZ,20150504,24.75,26.1,24.72,25.94,24.68,1.26,5.11,234752.35,602257.7223
1420,002460.SZ,20150430,25.54,25.83,24.65,24.68,25.53,-0.85,-3.33,127183.65,319912.3125
1421,002460.SZ,20150429,23.95,25.56,23.95,25.53,24.2,1.33,5.5,175458.88,442553.1998
1422,002460.SZ,20150428,25.27,25.63,24.12,24.2,25.26,-1.06,-4.2,152211.97,377113.3789
1423,002460.SZ,20150427,25.74,26.18,24.91,25.26,25.49,-0.23,-0.9,173734.79,443001.449
1424,002460.SZ,20150424,25.79,26.18,25.2,25.49,26.36,-0.87,-3.3,190780.58,488890.7103
1425,002460.SZ,20150423,25.73,26.62,25.52,26.36,25.48,0.88,3.45,291226.83,758815.6193
1426,002460.SZ,20150422,24.95,25.77,24.93,25.48,24.54,0.94,3.83,199076.63,507004.3024
1427,002460.SZ,20150421,23.56,24.58,23.47,24.54,23.66,0.88,3.72,137276.48,332414.8234
1428,002460.SZ,20150420,24.38,24.38,23.46,23.66,24.38,-0.72,-2.95,149597.21,358618.4145
1429,002460.SZ,20150417,24.12,24.65,24.12,24.38,24.06,0.32,1.33,132130.76,321776.6535
1430,002460.SZ,20150416,23.6,24.55,23.31,24.06,23.89,0.17,0.71,108009.27,259849.3248
1431,002460.SZ,20150415,25.08,25.08,23.88,23.89,25.16,-1.27,-5.05,134155.84,327083.4425
1432,002460.SZ,20150414,25.8,25.8,24.8,25.16,25.91,-0.75,-2.89,175083.14,442210.9633
1433,002460.SZ,20150413,25.68,26.15,25.2,25.91,25.78,0.13,0.5,194693.96,500531.5622
1434,002460.SZ,20150410,24.4,25.99,24.21,25.78,24.62,1.16,4.71,195346.38,500132.8446
1435,002460.SZ,20150409,25.59,25.59,23.81,24.62,25.41,-0.79,-3.11,204897.33,502114.3462
1436,002460.SZ,20150408,26.68,26.68,25.2,25.41,26.69,-1.28,-4.8,251005.1,647181.138
1437,002460.SZ,20150407,26.7,27.23,26.03,26.69,26.65,0.04,0.15,259460.69,689529.434
1438,002460.SZ,20150403,26.45,27.26,25.97,26.65,25.97,0.68,2.62,328011.68,873731.5489
1439,002460.SZ,20150402,26.08,26.49,25.04,25.97,25.51,0.46,1.8,379240.46,983348.8216
1440,002460.SZ,20150401,24.75,26.26,24.75,25.51,24.2,1.31,5.41,327608.21,837179.3038
1441,002460.SZ,20150331,24.22,24.72,24.03,24.2,24.18,0.02,0.08,162772.7,396603.479
1442,002460.SZ,20150330,24.49,24.49,24.03,24.18,24.53,-0.35,-1.43,161056.88,389523.218
1443,002460.SZ,20150327,24.39,24.74,24.1,24.53,24.42,0.11,0.45,135679.25,330731.436
1444,002460.SZ,20150326,24.75,25.78,24.0,24.42,25.01,-0.59,-2.36,306387.11,757622.4976
1445,002460.SZ,20150325,24.82,25.42,24.29,25.01,25.26,-0.25,-0.99,291799.13,725272.4616
1446,002460.SZ,20150324,23.77,25.45,23.5,25.26,23.23,2.03,8.74,448235.25,1098031.9992
1447,002460.SZ,20150323,23.01,23.58,22.97,23.23,22.89,0.34,1.49,211021.84,488751.4527
1448,002460.SZ,20150320,22.94,23.28,22.41,22.89,23.08,-0.19,-0.82,177789.25,406228.9376
1449,002460.SZ,20150319,23.3,24.09,22.71,23.08,23.29,-0.21,-0.9,265832.98,623003.2212
1450,002460.SZ,20150318,22.7,23.61,22.43,23.29,22.69,0.6,2.64,247099.21,570463.8
1451,002460.SZ,20150317,22.5,23.5,22.33,22.69,22.46,0.23,1.02,239492.02,548585.2372
1452,002460.SZ,20150316,22.0,22.66,21.7,22.46,22.01,0.45,2.04,169898.44,380000.1926
1453,002460.SZ,20150313,21.78,22.18,21.4,22.01,21.92,0.09,0.41,155405.22,339567.7969
1454,002460.SZ,20150312,21.46,22.03,20.55,21.92,21.31,0.61,2.86,194575.31,412283.4156
1455,002460.SZ,20150311,22.01,22.19,21.12,21.31,22.15,-0.84,-3.79,164931.4,356230.683
1456,002460.SZ,20150310,22.0,22.6,21.9,22.15,21.91,0.24,1.1,154050.69,342186.1383
1457,002460.SZ,20150309,21.8,22.28,21.52,21.91,22.01,-0.1,-0.45,149632.21,326743.2609
1458,002460.SZ,20150306,23.2,23.3,21.9,22.01,23.55,-1.54,-6.54,327272.38,733561.2805
1459,002460.SZ,20150305,21.66,23.88,21.44,23.55,21.71,1.84,8.48,433797.73,991829.7326
1460,002460.SZ,20150304,21.85,22.18,21.52,21.71,21.84,-0.13,-0.6,200533.41,437066.7469
1461,002460.SZ,20150303,22.22,23.16,21.74,21.84,22.8,-0.96,-4.21,354884.17,797416.357
1462,002460.SZ,20150302,21.89,23.45,21.8,22.8,21.85,0.95,4.35,489066.67,1101156.5562
1463,002460.SZ,20150227,21.58,21.92,21.0,21.85,21.56,0.29,1.35,356009.61,765346.1966
1464,002460.SZ,20150226,19.98,22.0,19.81,21.56,20.0,1.56,7.8,555099.23,1187911.6306
1465,002460.SZ,20150225,21.47,21.48,19.85,20.0,20.78,-0.78,-3.75,383226.13,781747.1319
1466,002460.SZ,20150217,19.18,20.78,18.96,20.78,18.89,1.89,10.01,429669.87,859344.6226
1467,002460.SZ,20150216,17.78,19.25,17.78,18.89,17.78,1.11,6.24,287435.88,533493.4093
1468,002460.SZ,20150213,17.56,17.83,17.38,17.78,17.47,0.31,1.77,98899.46,174508.4197
1469,002460.SZ,20150212,17.39,17.53,17.25,17.47,17.43,0.04,0.23,51364.59,89447.2082
1470,002460.SZ,20150211,17.2,17.51,17.12,17.43,16.98,0.45,2.65,60284.13,104611.7218
1471,002460.SZ,20150210,16.65,17.06,16.65,16.98,16.64,0.34,2.04,31401.92,53066.6283
1472,002460.SZ,20150209,16.84,17.13,16.6,16.64,17.01,-0.37,-2.18,46478.89,78282.5133
1473,002460.SZ,20150206,17.76,17.76,16.95,17.01,17.69,-0.68,-3.84,70646.84,122127.9134
1474,002460.SZ,20150205,18.2,18.21,17.65,17.69,18.02,-0.33,-1.83,89135.35,159558.6168
1475,002460.SZ,20150204,18.05,18.34,18.01,18.02,18.02,0.0,0.0,83142.3,150833.3849
1476,002460.SZ,20150203,17.85,18.02,17.77,18.02,17.77,0.25,1.41,61998.84,111056.2916
1477,002460.SZ,20150202,17.55,17.95,17.25,17.77,17.73,0.04,0.23,63230.7,111163.7121
1478,002460.SZ,20150130,18.26,18.47,17.68,17.73,18.1,-0.37,-2.04,91652.96,164469.3303
1479,002460.SZ,20150129,18.5,18.5,18.02,18.1,18.75,-0.65,-3.47,132663.06,241815.0275
1480,002460.SZ,20150128,18.54,19.29,18.21,18.75,18.17,0.58,3.19,346603.16,650149.5121
1481,002460.SZ,20150127,17.7,18.17,17.44,18.17,17.55,0.62,3.53,192212.73,342833.2288
1482,002460.SZ,20150126,17.3,17.6,17.2,17.55,17.25,0.3,1.74,83113.14,144871.6792
1483,002460.SZ,20150123,17.75,17.86,17.23,17.25,17.6,-0.35,-1.99,117588.76,205084.0027
1484,002460.SZ,20150122,17.06,17.6,17.0,17.6,17.04,0.56,3.29,151476.25,263886.2778
1485,002460.SZ,20150121,16.69,17.14,16.61,17.04,16.69,0.35,2.1,97441.97,165656.9298
1486,002460.SZ,20150120,16.25,16.77,16.25,16.69,16.2,0.49,3.02,76751.16,127174.2594
1487,002460.SZ,20150119,16.65,17.14,15.78,16.2,16.96,-0.76,-4.48,90968.98,150578.5912
1488,002460.SZ,20150116,16.79,17.04,16.6,16.96,16.8,0.16,0.95,53271.7,89930.0829
1489,002460.SZ,20150115,16.96,17.29,16.7,16.8,16.96,-0.16,-0.94,66109.5,111930.6016
1490,002460.SZ,20150114,17.4,17.5,16.93,16.96,17.45,-0.49,-2.81,113109.6,194011.3188
1491,002460.SZ,20150113,16.8,17.48,16.65,17.45,16.58,0.87,5.25,188166.78,324042.5877
1492,002460.SZ,20150112,15.9,17.38,15.54,16.58,15.91,0.67,4.21,163494.85,269360.196
1493,002460.SZ,20150109,15.91,16.29,15.83,15.91,15.81,0.1,0.63,72025.47,115679.7562
1494,002460.SZ,20150108,16.05,16.13,15.58,15.81,16.05,-0.24,-1.5,55654.35,88302.0373
1495,002460.SZ,20150107,16.19,16.5,15.9,16.05,16.19,-0.14,-0.86,79920.09,129048.2642
1496,002460.SZ,20150106,15.89,16.3,15.66,16.19,15.98,0.21,1.31,93411.99,150181.0227
1497,002460.SZ,20150105,15.0,16.0,14.93,15.98,15.08,0.9,5.97,124387.13,193868.0528
1498,002460.SZ,20141231,15.61,15.96,14.51,15.08,15.91,-0.83,-5.22,167218.26,253022.3997
1499,002460.SZ,20141230,16.88,16.88,15.6,15.91,16.93,-1.02,-6.02,129317.16,207195.2984
1500,002460.SZ,20141229,17.58,17.58,16.87,16.93,17.61,-0.68,-3.86,71335.72,122284.8801
1501,002460.SZ,20141226,17.6,17.8,17.48,17.61,17.54,0.07,0.4,46768.33,82373.2817
1502,002460.SZ,20141225,17.55,17.63,17.37,17.54,17.49,0.05,0.29,33719.55,58926.9508
1503,002460.SZ,20141224,17.36,17.57,17.31,17.49,17.32,0.17,0.98,32355.85,56366.7927
1504,002460.SZ,20141223,17.16,17.64,17.16,17.32,17.15,0.17,0.99,39523.57,68936.6657
1505,002460.SZ,20141222,17.9,18.0,17.09,17.15,18.06,-0.91,-5.04,81910.61,143543.1818
1506,002460.SZ,20141219,18.1,18.31,17.84,18.06,18.25,-0.19,-1.04,66440.2,119574.6618
1507,002460.SZ,20141218,18.41,18.88,18.17,18.25,18.44,-0.19,-1.03,89614.08,165852.6649
1508,002460.SZ,20141217,18.55,18.59,18.02,18.44,18.59,-0.15,-0.81,82638.08,150922.9671
1509,002460.SZ,20141216,18.85,18.88,18.5,18.59,18.86,-0.27,-1.43,67294.47,125388.7491
1510,002460.SZ,20141215,18.9,18.96,18.64,18.86,19.0,-0.14,-0.74,67615.94,127244.327
1511,002460.SZ,20141212,18.71,19.15,18.52,19.0,18.72,0.28,1.5,86670.48,163409.8884
1512,002460.SZ,20141211,18.51,18.87,18.24,18.72,18.48,0.24,1.3,75836.4,140633.8231
1513,002460.SZ,20141210,17.81,18.5,17.72,18.48,17.9,0.58,3.24,92177.06,167997.8515
1514,002460.SZ,20141209,19.18,19.18,17.86,17.9,19.34,-1.44,-7.45,198796.35,369852.24
1515,002460.SZ,20141208,19.59,20.14,19.21,19.34,19.8,-0.46,-2.32,180117.94,350660.9069
1516,002460.SZ,20141205,20.89,20.97,19.0,19.8,20.89,-1.09,-5.22,175834.27,352970.5905
1517,002460.SZ,20141204,20.86,21.49,20.5,20.89,20.88,0.01,0.05,201421.55,420924.6109
1518,002460.SZ,20141203,20.0,21.66,19.59,20.88,20.08,0.8,3.98,239849.38,496541.9792
1519,002460.SZ,20141202,20.0,20.27,19.91,20.08,20.1,-0.02,-0.1,87583.99,175698.3869
1520,002460.SZ,20141201,20.49,20.58,19.93,20.1,20.44,-0.34,-1.66,87218.87,175460.244
1521,002460.SZ,20141128,20.3,20.96,20.08,20.44,20.5,-0.06,-0.29,184436.94,378908.7827
1522,002460.SZ,20141127,19.27,21.0,19.27,20.5,19.21,1.29,6.72,247460.31,499787.0504
1523,002460.SZ,20141126,19.53,19.58,19.06,19.21,19.5,-0.29,-1.49,91780.88,176850.6702
1524,002460.SZ,20141125,18.8,19.56,18.6,19.5,18.77,0.73,3.89,143651.89,276849.2929
1525,002460.SZ,20141124,18.74,18.89,18.54,18.77,18.51,0.26,1.4,64057.0,119900.2488
1526,002460.SZ,20141121,18.38,18.57,18.37,18.51,18.42,0.09,0.49,35749.53,66065.9314
1527,002460.SZ,20141120,18.62,18.69,18.4,18.42,18.61,-0.19,-1.02,38969.0,72159.0964
1528,002460.SZ,20141119,18.79,18.9,18.41,18.61,18.85,-0.24,-1.27,50556.23,94120.4346
1529,002460.SZ,20141118,18.85,19.15,18.68,18.85,18.8,0.05,0.27,65741.07,124258.0337
1530,002460.SZ,20141117,18.77,19.21,18.5,18.8,18.76,0.04,0.21,99294.63,187324.1002
1531,002460.SZ,20141114,17.8,19.36,17.78,18.76,17.75,1.01,5.69,159332.46,298164.5149
1532,002460.SZ,20141113,18.07,18.08,17.52,17.75,18.08,-0.33,-1.83,58807.04,104099.8132
1533,002460.SZ,20141112,17.73,18.19,17.66,18.08,17.72,0.36,2.03,41014.95,73946.0728
1534,002460.SZ,20141111,18.27,18.34,17.6,17.72,18.24,-0.52,-2.85,65902.04,117931.66
1535,002460.SZ,20141110,18.47,18.54,17.99,18.24,18.46,-0.22,-1.19,70982.42,128909.1609
1536,002460.SZ,20141107,19.21,19.21,18.4,18.46,19.24,-0.78,-4.05,89996.01,168949.5095
1537,002460.SZ,20141106,18.99,19.37,18.79,19.24,19.0,0.24,1.26,91976.82,176662.9029
1538,002460.SZ,20141104,18.86,19.06,18.72,19.0,18.87,0.13,0.69,63082.11,119270.0069
1539,002460.SZ,20141103,18.62,18.94,18.58,18.87,18.63,0.24,1.29,51718.37,96939.8919
1540,002460.SZ,20141031,18.76,18.91,18.4,18.63,18.83,-0.2,-1.06,42788.6,79635.8199
1541,002460.SZ,20141030,19.03,19.11,18.75,18.83,19.02,-0.19,-1.0,47168.66,89171.6739
1542,002460.SZ,20141029,18.86,19.15,18.61,19.02,18.76,0.26,1.39,69531.08,131334.3424
1543,002460.SZ,20141028,18.33,18.78,18.33,18.76,18.32,0.44,2.4,41909.59,78212.9497
1544,002460.SZ,20141027,17.95,18.4,17.95,18.32,18.17,0.15,0.83,27767.74,50768.0733
1545,002460.SZ,20141024,18.3,18.4,18.09,18.17,18.3,-0.13,-0.71,43185.79,78771.8176
1546,002460.SZ,20141023,18.8,18.98,18.18,18.3,18.95,-0.65,-3.43,71202.06,131467.7574
1547,002460.SZ,20141022,19.78,19.95,18.78,18.95,19.81,-0.86,-4.34,110233.89,211907.579
1548,002460.SZ,20141021,20.63,20.63,19.8,19.81,20.65,-0.84,-4.07,88507.96,178451.2758
1549,002460.SZ,20141020,20.3,20.68,20.02,20.65,20.23,0.42,2.08,129677.78,265712.6007
1550,002460.SZ,20141017,20.21,20.42,19.6,20.23,20.32,-0.09,-0.44,103892.6,209191.3954
1551,002460.SZ,20141016,19.98,20.68,19.73,20.32,20.13,0.19,0.94,149875.63,304533.0047
1552,002460.SZ,20141015,20.04,20.17,19.63,20.13,20.03,0.1,0.5,72405.63,144371.8609
1553,002460.SZ,20141014,19.87,20.18,19.8,20.03,19.93,0.1,0.5,52344.09,104599.4219
1554,002460.SZ,20141013,20.22,20.22,19.67,19.93,20.34,-0.41,-2.02,52968.81,105060.7185
1555,002460.SZ,20141010,20.79,20.79,20.25,20.34,20.79,-0.45,-2.16,70189.89,143706.2756
1556,002460.SZ,20141009,20.23,20.84,20.23,20.79,20.12,0.67,3.33,123117.18,253662.2714
1557,002460.SZ,20141008,19.87,20.16,19.7,20.12,19.76,0.36,1.82,70371.06,140693.6747
1558,002460.SZ,20140930,19.66,19.86,19.6,19.76,19.57,0.19,0.97,52468.35,103525.9603
1559,002460.SZ,20140929,19.52,19.72,19.41,19.57,19.5,0.07,0.36,49873.84,97400.1702
1560,002460.SZ,20140926,19.55,19.85,19.41,19.5,19.72,-0.22,-1.12,60021.54,117754.4865
1561,002460.SZ,20140925,19.2,19.75,19.2,19.72,19.31,0.41,2.12,88411.59,172110.7402
1562,002460.SZ,20140924,18.89,19.5,18.69,19.31,18.89,0.42,2.22,70509.49,134382.4442
1563,002460.SZ,20140923,18.74,18.97,18.74,18.89,18.74,0.15,0.8,37181.05,70122.3898
1564,002460.SZ,20140922,19.18,19.2,18.6,18.74,19.18,-0.44,-2.29,50066.66,94227.3394
1565,002460.SZ,20140919,18.9,19.36,18.81,19.18,18.89,0.29,1.54,61227.7,117027.4481
1566,002460.SZ,20140918,18.7,18.96,18.38,18.89,18.89,0.0,0.0,69148.07,129507.3357
1567,002460.SZ,20140917,19.93,19.95,18.18,18.89,19.99,-1.1,-5.5,170821.21,320743.8287
1568,002460.SZ,20140916,20.82,21.15,19.9,19.99,20.82,-0.83,-3.99,77573.13,160317.7304
1569,002460.SZ,20140915,21.06,21.16,20.68,20.82,21.06,-0.24,-1.14,47387.49,98829.0551
1570,002460.SZ,20140912,20.58,21.08,20.49,21.06,20.6,0.46,2.23,51409.22,106824.4239
1571,002460.SZ,20140911,20.85,21.01,20.52,20.6,20.84,-0.24,-1.15,63571.38,132121.7032
1572,002460.SZ,20140910,21.1,21.14,20.78,20.84,21.23,-0.39,-1.84,62911.67,131259.9053
1573,002460.SZ,20140909,21.1,21.25,20.96,21.23,21.1,0.13,0.62,54204.68,114569.983
1574,002460.SZ,20140905,21.24,21.4,20.98,21.1,21.23,-0.13,-0.61,65871.32,139299.917
1575,002460.SZ,20140904,21.52,21.65,21.2,21.23,21.51,-0.28,-1.3,66402.79,141504.8807
1576,002460.SZ,20140903,21.35,21.59,21.17,21.51,21.37,0.14,0.66,63820.43,136695.3
1577,002460.SZ,20140902,20.9,21.45,20.51,21.37,21.12,0.25,1.18,68006.75,143020.0718
1578,002460.SZ,20140901,20.89,21.28,20.8,21.12,20.88,0.24,1.15,40407.6,85096.2277
1579,002460.SZ,20140829,20.66,20.98,20.58,20.88,20.67,0.21,1.02,22104.46,45939.7579
1580,002460.SZ,20140828,21.15,21.15,20.48,20.67,21.14,-0.47,-2.22,43004.07,89209.6974
1581,002460.SZ,20140827,21.12,21.4,21.0,21.14,21.14,0.0,0.0,36279.4,76847.9767
1582,002460.SZ,20140826,22.27,22.47,20.78,21.14,22.27,-1.13,-5.07,88959.43,190702.3031
1583,002460.SZ,20140825,22.2,23.0,22.19,22.27,21.83,0.44,2.02,85313.1,192690.6851
1584,002460.SZ,20140822,21.58,21.89,21.3,21.83,21.62,0.21,0.97,54848.87,118163.234
1585,002460.SZ,20140821,22.26,22.5,20.83,21.62,22.29,-0.67,-3.01,65563.28,142561.3296
1586,002460.SZ,20140820,22.56,22.72,22.27,22.29,22.56,-0.27,-1.2,41992.15,94334.9818
1587,002460.SZ,20140819,22.59,22.86,22.27,22.56,22.58,-0.02,-0.09,70449.36,158573.5433
1588,002460.SZ,20140818,22.12,22.66,22.1,22.58,22.13,0.45,2.03,63758.82,143007.1275
1589,002460.SZ,20140815,21.76,22.27,21.61,22.13,21.8,0.33,1.51,39121.55,86268.2931
1590,002460.SZ,20140814,21.9,22.25,21.8,21.8,21.87,-0.07,-0.32,46506.36,102543.0337
1591,002460.SZ,20140813,22.29,22.4,21.5,21.87,22.23,-0.36,-1.62,67976.54,149264.8949
1592,002460.SZ,20140812,22.68,22.68,22.18,22.23,22.78,-0.55,-2.41,82040.39,183791.0903
1593,002460.SZ,20140811,22.6,22.95,22.28,22.78,22.9,-0.12,-0.52,75773.87,171489.1136
1594,002460.SZ,20140808,22.62,23.03,22.11,22.9,22.62,0.28,1.24,77421.9,174464.3285
1595,002460.SZ,20140807,22.99,23.37,22.61,22.62,22.94,-0.32,-1.39,78682.6,180194.1344
1596,002460.SZ,20140806,23.15,23.15,22.5,22.94,23.14,-0.2,-0.86,69490.64,158800.2303
1597,002460.SZ,20140805,22.35,23.54,22.15,23.14,22.35,0.79,3.53,102110.59,234754.3755
1598,002460.SZ,20140804,22.0,22.48,21.78,22.35,22.01,0.34,1.54,71955.29,159264.7258
1599,002460.SZ,20140801,22.36,23.12,21.88,22.01,22.5,-0.49,-2.18,94572.38,212173.7316
1600,002460.SZ,20140731,22.3,23.3,21.8,22.5,22.53,-0.03,-0.13,136009.4,306350.9375
1601,002460.SZ,20140730,20.58,22.87,20.44,22.53,20.79,1.74,8.37,184898.75,403848.267
1602,002460.SZ,20140729,20.08,21.18,19.67,20.79,20.07,0.72,3.59,144900.13,297631.9282
1603,002460.SZ,20140728,19.62,20.39,19.56,20.07,19.69,0.38,1.93,106540.52,213426.919
1604,002460.SZ,20140725,19.29,20.03,19.16,19.69,19.14,0.55,2.87,69132.86,136149.4682
1605,002460.SZ,20140724,19.5,19.7,18.5,19.14,19.53,-0.39,-2.0,59744.41,113944.1033
1606,002460.SZ,20140723,19.9,19.95,19.28,19.53,19.87,-0.34,-1.71,82635.72,161536.3139
1607,002460.SZ,20140722,18.74,20.28,18.74,19.87,18.74,1.13,6.03,144009.99,284326.0706
1608,002460.SZ,20140721,18.78,19.26,18.41,18.74,18.8,-0.06,-0.32,42205.61,79748.7282
1609,002460.SZ,20140718,18.43,19.24,18.3,18.8,18.47,0.33,1.79,69650.0,131850.8515
1610,002460.SZ,20140717,18.45,18.7,18.15,18.47,18.75,-0.28,-1.49,52750.5,97132.1547
1611,002460.SZ,20140716,19.5,19.58,17.9,18.75,19.88,-1.13,-5.68,156106.86,294137.4422
1612,002460.SZ,20140715,20.3,20.38,19.5,19.88,20.45,-0.57,-2.79,116836.84,233115.8558
1613,002460.SZ,20140714,19.45,20.82,19.19,20.45,19.3,1.15,5.96,158157.62,316816.5887
1614,002460.SZ,20140711,18.93,19.65,18.8,19.3,19.15,0.15,0.78,72243.95,139489.0681
1615,002460.SZ,20140710,19.15,19.68,18.74,19.15,18.95,0.2,1.06,92901.43,177622.3267
1616,002460.SZ,20140709,19.0,19.88,18.87,18.95,19.34,-0.39,-2.02,142169.77,276514.4373
1617,002460.SZ,20140708,18.3,19.39,17.88,19.34,18.48,0.86,4.65,153829.09,289151.9046
1618,002460.SZ,20140707,18.45,19.19,18.29,18.48,18.45,0.03,0.16,99025.79,184932.7741
1619,002460.SZ,20140704,18.18,19.6,17.58,18.45,18.18,0.27,1.49,142859.72,266139.1999
1620,002460.SZ,20140703,36.89,37.67,36.21,36.5,36.82,-0.32,-0.87,38672.25,142614.3644
1621,002460.SZ,20140702,36.18,36.98,35.42,36.82,36.0,0.82,2.28,40204.95,145042.7814
1622,002460.SZ,20140701,35.94,37.87,35.59,36.0,36.0,0.0,0.0,70714.19,261029.5958
1623,002460.SZ,20140630,35.74,36.0,34.78,36.0,35.84,0.16,0.45,39858.05,140911.5611
1624,002460.SZ,20140627,34.4,36.8,33.85,35.84,33.66,2.18,6.48,74707.64,265553.0174
1625,002460.SZ,20140626,32.66,33.9,32.31,33.66,32.75,0.91,2.78,36426.28,121371.379
1626,002460.SZ,20140625,33.2,33.2,31.88,32.75,33.24,-0.49,-1.47,32480.43,105183.9977
1627,002460.SZ,20140624,32.55,34.27,32.23,33.24,32.23,1.01,3.13,55003.8,182954.6381
1628,002460.SZ,20140623,30.47,33.4,30.43,32.23,30.38,1.85,6.09,63920.94,204442.5594
1629,002460.SZ,20140620,29.8,30.7,29.32,30.38,29.65,0.73,2.46,18679.87,56310.3642
1630,002460.SZ,20140619,30.95,31.35,28.68,29.65,31.01,-1.36,-4.39,31368.0,94392.131
1631,002460.SZ,20140618,31.0,31.68,30.84,31.01,31.06,-0.05,-0.16,28646.67,89706.9126
1632,002460.SZ,20140617,31.74,32.43,31.0,31.06,31.73,-0.67,-2.11,44240.65,140045.555
1633,002460.SZ,20140616,32.5,32.65,31.7,31.73,32.85,-1.12,-3.41,64035.11,205817.3761
1634,002460.SZ,20140613,29.75,32.85,29.63,32.85,29.86,2.99,10.01,84254.48,268448.4698
1635,002460.SZ,20140612,30.5,30.69,29.82,29.86,30.53,-0.67,-2.19,27750.6,83864.3068
1636,002460.SZ,20140611,30.1,30.56,29.81,30.53,30.49,0.04,0.13,30246.42,91443.1449
1637,002460.SZ,20140610,29.93,30.7,28.72,30.49,29.91,0.58,1.94,50349.58,149805.1024
1638,002460.SZ,20140609,33.0,33.0,29.7,29.91,33.0,-3.09,-9.36,89747.68,275892.6463
1639,002460.SZ,20140310,34.0,35.2,32.75,33.0,35.2,-2.2,-6.25,55961.95,188153.1378
1640,002460.SZ,20140307,34.39,37.88,34.17,35.2,34.9,0.3,0.86,64658.17,231420.5281
1641,002460.SZ,20140306,35.06,35.58,33.4,34.9,35.78,-0.88,-2.46,72562.25,249347.8477
1642,002460.SZ,20140305,36.2,36.5,34.83,35.78,36.73,-0.95,-2.59,83390.58,295855.677
1643,002460.SZ,20140304,33.22,37.4,33.2,36.73,34.0,2.73,8.03,130658.28,475833.3064
1644,002460.SZ,20140303,34.29,35.2,32.5,34.0,32.58,1.42,4.36,106805.13,363222.0506
1645,002460.SZ,20140228,29.0,32.58,28.9,32.58,29.62,2.96,9.99,107548.56,333909.5665
1646,002460.SZ,20140227,28.8,31.3,28.8,29.62,28.8,0.82,2.85,100007.52,300607.8217
1647,002460.SZ,20140226,26.4,29.14,26.4,28.8,26.76,2.04,7.62,92420.66,260994.9936
1648,002460.SZ,20140225,28.87,29.65,25.96,26.76,28.84,-2.08,-7.21,84740.53,238729.6291
1649,002460.SZ,20140224,28.6,28.9,27.82,28.84,28.66,0.18,0.63,30312.13,86088.1809
1650,002460.SZ,20140221,28.27,28.78,28.0,28.66,28.28,0.38,1.34,32401.96,92039.1478
1651,002460.SZ,20140220,29.45,29.57,28.0,28.28,29.54,-1.26,-4.27,51366.47,146688.2209
1652,002460.SZ,20140219,29.47,29.75,28.87,29.54,29.7,-0.16,-0.54,46228.08,135461.5578
1653,002460.SZ,20140218,30.79,30.79,29.35,29.7,30.85,-1.15,-3.73,85191.46,252701.3541
1654,002460.SZ,20140217,31.1,31.88,30.0,30.85,30.78,0.07,0.23,65628.97,201762.3481
1655,002460.SZ,20140214,30.18,30.8,29.77,30.78,30.54,0.24,0.79,41295.29,125147.2743
1656,002460.SZ,20140213,29.9,32.2,29.8,30.54,30.1,0.44,1.46,89860.41,279107.9718
1657,002460.SZ,20140212,29.7,32.0,28.81,30.1,29.85,0.25,0.84,97124.92,296553.5358
1658,002460.SZ,20140211,29.99,31.18,28.15,29.85,28.85,1.0,3.47,161235.52,480714.8087
1659,002460.SZ,20140210,26.4,28.85,26.4,28.85,26.23,2.62,9.99,88132.14,249807.3497
1660,002460.SZ,20140207,24.99,26.38,24.76,26.23,25.12,1.11,4.42,37089.2,96212.3692
1661,002460.SZ,20140130,25.69,25.78,25.1,25.12,25.55,-0.43,-1.68,12938.52,32820.5311
1662,002460.SZ,20140129,25.17,25.6,24.72,25.55,24.89,0.66,2.65,24288.53,61322.298
1663,002460.SZ,20140128,25.34,25.68,24.68,24.89,25.18,-0.29,-1.15,22146.82,55233.293
1664,002460.SZ,20140127,24.87,25.81,24.69,25.18,25.09,0.09,0.36,33523.17,84756.5954
1665,002460.SZ,20140124,24.69,26.28,24.65,25.09,24.75,0.34,1.37,51618.55,131871.9941
1666,002460.SZ,20140123,24.93,25.19,24.68,24.75,24.95,-0.2,-0.8,23926.85,59507.0352
1667,002460.SZ,20140122,24.85,25.09,24.64,24.95,24.81,0.14,0.56,27980.68,69573.1551
1668,002460.SZ,20140121,24.35,25.15,24.35,24.81,24.3,0.51,2.1,28576.2,70911.0085
1669,002460.SZ,20140120,24.41,24.79,24.08,24.3,24.6,-0.3,-1.22,25626.03,62472.5358
1670,002460.SZ,20140117,24.44,24.81,24.25,24.6,24.81,-0.21,-0.85,37050.01,90858.0796
1671,002460.SZ,20140116,22.99,25.25,22.82,24.81,22.95,1.86,8.1,77113.09,190620.1488
1672,002460.SZ,20140115,22.71,23.1,22.51,22.95,22.71,0.24,1.06,19120.25,43725.0156
1673,002460.SZ,20140114,22.94,23.2,22.2,22.71,23.15,-0.44,-1.9,16842.68,37963.0845
1674,002460.SZ,20140113,23.69,23.95,22.98,23.15,23.62,-0.47,-1.99,19097.98,44703.7338
1675,002460.SZ,20140110,23.28,24.08,23.03,23.62,23.39,0.23,0.98,26568.11,63140.2508
1676,002460.SZ,20140109,23.81,23.86,23.38,23.39,23.81,-0.42,-1.76,15031.15,35552.3507
1677,002460.SZ,20140108,23.4,23.83,23.31,23.81,23.38,0.43,1.84,21644.56,51093.5322
1678,002460.SZ,20140107,22.65,23.38,22.47,23.38,22.66,0.72,3.18,11301.62,26056.1081
1679,002460.SZ,20140106,23.27,23.34,22.55,22.66,23.27,-0.61,-2.62,12412.28,28490.795
1680,002460.SZ,20140103,23.68,23.68,23.12,23.27,23.71,-0.44,-1.86,9669.7,22516.6243
1681,002460.SZ,20140102,23.33,23.8,23.02,23.71,23.44,0.27,1.15,16787.14,39422.0607
1682,002460.SZ,20131231,23.22,23.59,23.22,23.44,23.37,0.07,0.3,9928.75,23279.8616
1683,002460.SZ,20131230,23.42,23.47,23.18,23.37,23.43,-0.06,-0.26,9300.58,21676.73
1684,002460.SZ,20131227,22.52,23.49,22.52,23.43,22.52,0.91,4.04,18511.02,42971.8144
1685,002460.SZ,20131226,22.8,22.87,22.3,22.52,22.74,-0.22,-0.97,7076.56,15934.8901
1686,002460.SZ,20131225,22.1,22.77,22.1,22.74,22.1,0.64,2.9,11335.94,25531.5065
1687,002460.SZ,20131224,22.03,22.42,21.9,22.1,22.22,-0.12,-0.54,8329.33,18457.6776
1688,002460.SZ,20131223,21.81,22.25,21.61,22.22,21.8,0.42,1.93,7746.92,17025.2859
1689,002460.SZ,20131220,22.43,22.66,21.64,21.8,22.51,-0.71,-3.15,11637.68,25728.1117
1690,002460.SZ,20131219,22.98,22.98,22.41,22.51,22.81,-0.3,-1.32,8015.6,18179.3994
1691,002460.SZ,20131218,22.44,22.96,22.37,22.81,22.43,0.38,1.69,8590.78,19577.4177
1692,002460.SZ,20131217,22.48,22.67,22.31,22.43,22.5,-0.07,-0.31,10600.92,23845.4016
1693,002460.SZ,20131216,23.48,23.54,22.5,22.5,23.4,-0.9,-3.85,17232.45,39412.3734
1694,002460.SZ,20131213,23.45,23.73,23.27,23.4,23.55,-0.15,-0.64,12687.83,29759.3222
1695,002460.SZ,20131212,23.6,23.95,23.51,23.55,23.31,0.24,1.03,20194.84,47950.163
1696,002460.SZ,20131211,23.7,23.8,23.19,23.31,23.92,-0.61,-2.55,26443.25,62144.1511
1697,002460.SZ,20131210,23.17,24.18,22.81,23.92,22.9,1.02,4.45,51875.92,122414.9764
1698,002460.SZ,20131209,23.4,23.42,22.8,22.9,23.0,-0.1,-0.43,20710.79,47769.407
1699,002460.SZ,20131206,23.15,23.66,22.81,23.0,23.26,-0.26,-1.12,23968.82,55726.7362
1700,002460.SZ,20131205,23.27,23.66,23.03,23.26,23.27,-0.01,-0.04,21015.83,49081.154
1701,002460.SZ,20131204,22.6,23.61,22.4,23.27,22.56,0.71,3.15,34663.12,80345.634
1702,002460.SZ,20131203,21.53,22.83,21.41,22.56,21.62,0.94,4.35,20830.35,46171.2026
1703,002460.SZ,20131202,21.9,22.31,21.41,21.62,22.54,-0.92,-4.08,17941.3,39044.8836
1704,002460.SZ,20131129,22.41,22.77,22.34,22.54,22.58,-0.04,-0.18,12988.08,29205.3521
1705,002460.SZ,20131128,22.0,22.98,21.96,22.58,21.95,0.63,2.87,28160.48,63575.4885
1706,002460.SZ,20131127,21.53,22.2,21.33,21.95,21.43,0.52,2.43,14161.43,31000.8281
1707,002460.SZ,20131126,21.35,21.55,21.22,21.43,21.35,0.08,0.37,7143.61,15311.0819
1708,002460.SZ,20131125,21.67,21.7,21.35,21.35,21.7,-0.35,-1.61,11544.69,24825.023
1709,002460.SZ,20131122,21.78,21.78,21.54,21.7,21.68,0.02,0.09,11972.14,25946.1488
1710,002460.SZ,20131121,21.68,21.7,21.34,21.68,21.73,-0.05,-0.23,11107.07,23917.5778
1711,002460.SZ,20131120,21.33,21.88,21.31,21.73,21.22,0.51,2.4,19934.53,43155.8912
1712,002460.SZ,20131119,21.3,21.34,20.95,21.22,21.25,-0.03,-0.14,12495.78,26381.4552
1713,002460.SZ,20131118,20.95,21.27,20.8,21.25,20.82,0.43,2.07,13619.52,28701.5643
1714,002460.SZ,20131115,20.5,20.99,20.3,20.82,20.42,0.4,1.96,13615.74,28306.8554
1715,002460.SZ,20131114,19.95,20.48,19.91,20.42,20.21,0.21,1.0391,9713.04,19600.7293
1716,002460.SZ,20131113,20.8,20.91,20.21,20.21,20.78,-0.57,-2.74,9017.84,18566.9212
1717,002460.SZ,20131112,21.02,21.3,20.7,20.78,20.98,-0.2,-0.95,10893.37,22802.834
1718,002460.SZ,20131111,20.71,21.06,20.71,20.98,20.79,0.19,0.91,4876.7,10205.0831
1719,002460.SZ,20131108,20.79,21.1,20.71,20.79,20.8,-0.01,-0.05,7145.41,14926.2582
1720,002460.SZ,20131107,21.38,21.38,20.73,20.8,21.34,-0.54,-2.53,12416.67,25998.349
1721,002460.SZ,20131106,21.36,21.69,21.25,21.34,21.4,-0.06,-0.28,10207.6,21947.1203
1722,002460.SZ,20131105,21.09,21.46,21.0,21.4,21.12,0.28,1.33,9385.21,19931.4884
1723,002460.SZ,20131104,21.18,21.38,20.92,21.12,21.12,0.0,0.0,7194.17,15186.8604
1724,002460.SZ,20131101,20.8,21.49,20.76,21.12,20.95,0.17,0.81,7774.6,16418.5597
1725,002460.SZ,20131031,21.6,21.6,20.95,20.95,21.6,-0.65,-3.01,12022.15,25454.1483
1726,002460.SZ,20131030,21.6,21.63,21.02,21.6,21.45,0.15,0.7,11373.63,24338.218
1727,002460.SZ,20131029,22.56,22.78,20.75,21.45,22.49,-1.04,-4.62,23430.37,50937.0001
1728,002460.SZ,20131028,22.15,22.68,21.9,22.49,22.15,0.34,1.54,16783.29,37584.1966
1729,002460.SZ,20131025,22.33,22.5,21.96,22.15,22.59,-0.44,-1.95,16473.16,36594.9471
1730,002460.SZ,20131024,22.08,22.63,21.76,22.59,22.0,0.59,2.68,24702.51,55373.3391
1731,002460.SZ,20131023,22.55,22.68,21.91,22.0,22.45,-0.45,-2.0,15953.7,35524.9323
1732,002460.SZ,20131022,22.63,22.79,22.37,22.45,22.6,-0.15,-0.66,26513.37,59878.0829
1733,002460.SZ,20131021,22.28,22.7,22.03,22.6,22.05,0.55,2.49,25113.9,56350.1159
1734,002460.SZ,20131018,22.32,22.38,21.8,22.05,22.31,-0.26,-1.17,22959.5,50598.0601
1735,002460.SZ,20131017,22.25,22.63,22.24,22.31,22.24,0.07,0.31,17179.8,38499.5588
1736,002460.SZ,20131016,23.02,23.06,22.08,22.24,23.12,-0.88,-3.81,29068.89,65234.5525
1737,002460.SZ,20131015,23.01,23.38,22.8,23.12,23.08,0.04,0.17,26876.56,61901.1343
1738,002460.SZ,20131014,23.49,23.58,22.85,23.08,23.22,-0.14,-0.6,24061.21,55786.9077
1739,002460.SZ,20131011,23.52,23.7,23.1,23.22,23.45,-0.23,-0.98,33796.04,78781.5358
1740,002460.SZ,20131010,23.89,24.16,23.33,23.45,23.89,-0.44,-1.84,26642.94,63245.5365
1741,002460.SZ,20131009,23.7,24.18,23.6,23.89,23.79,0.1,0.42,24280.35,58204.6791
1742,002460.SZ,20131008,23.2,23.85,23.01,23.79,23.41,0.38,1.62,20941.04,49229.232
1743,002460.SZ,20130930,23.21,23.52,23.2,23.41,23.2,0.21,0.91,10879.36,25419.0585
1744,002460.SZ,20130927,23.1,23.41,23.04,23.2,23.12,0.08,0.35,9610.62,22281.0266
1745,002460.SZ,20130926,23.33,23.55,23.1,23.12,23.25,-0.13,-0.56,16147.46,37640.0923
1746,002460.SZ,20130925,22.99,23.67,22.96,23.25,23.35,-0.1,-0.43,21962.29,51249.7822
1747,002460.SZ,20130924,23.2,23.58,22.97,23.35,23.02,0.33,1.43,29158.36,68032.6728
1748,002460.SZ,20130923,22.38,23.06,22.38,23.02,22.38,0.64,2.86,20880.54,47584.1592
1749,002460.SZ,20130918,22.56,22.68,21.56,22.38,22.32,0.06,0.27,26938.44,59191.423
1750,002460.SZ,20130917,23.01,23.18,22.28,22.32,23.01,-0.69,-3.0,17861.91,40395.2038
1751,002460.SZ,20130916,22.86,23.36,22.86,23.01,23.18,-0.17,-0.73,15219.53,35096.4516
1752,002460.SZ,20130913,23.73,23.99,22.94,23.18,23.65,-0.47,-1.99,25714.38,60174.385
1753,002460.SZ,20130912,23.8,24.19,23.62,23.65,24.26,-0.61,-2.51,25070.03,59810.3461
1754,002460.SZ,20130911,23.7,24.49,23.5,24.26,23.8,0.46,1.93,41722.66,100035.294
1755,002460.SZ,20130910,23.9,24.09,23.58,23.8,23.9,-0.1,-0.42,20251.89,48293.2547
1756,002460.SZ,20130909,23.85,23.99,23.53,23.9,23.75,0.15,0.63,30410.96,72412.2263
1757,002460.SZ,20130906,22.95,23.85,22.85,23.75,22.93,0.82,3.58,32708.04,77036.5145
1758,002460.SZ,20130905,22.91,23.29,22.72,22.93,22.93,0.0,0.0,17495.91,40251.1628
1759,002460.SZ,20130904,23.49,23.5,22.8,22.93,23.52,-0.59,-2.51,25820.54,59517.4906
1760,002460.SZ,20130903,23.22,23.64,23.11,23.52,23.07,0.45,1.95,23488.4,55117.4711
1761,002460.SZ,20130902,23.1,23.35,22.56,23.07,23.1,-0.03,-0.13,21097.71,48408.6328
1762,002460.SZ,20130830,23.9,24.28,22.79,23.1,23.94,-0.84,-3.51,26990.03,63389.3406
1763,002460.SZ,20130829,24.66,24.84,23.88,23.94,24.65,-0.71,-2.88,22831.79,55322.9055
1764,002460.SZ,20130828,25.0,25.12,24.5,24.65,25.13,-0.48,-1.91,22097.38,54643.5464
1765,002460.SZ,20130827,25.05,25.6,25.02,25.13,25.23,-0.1,-0.4,23974.39,60628.2813
1766,002460.SZ,20130826,25.06,25.72,24.64,25.23,25.12,0.11,0.44,36675.4,92715.7084
1767,002460.SZ,20130823,24.89,25.29,24.21,25.12,24.86,0.26,1.05,39346.44,98180.4109
1768,002460.SZ,20130822,24.33,24.97,24.09,24.86,24.34,0.52,2.14,26889.04,65972.1764
1769,002460.SZ,20130821,24.1,24.48,24.1,24.34,24.27,0.07,0.29,11343.2,27538.0434
1770,002460.SZ,20130820,24.5,24.76,23.95,24.27,24.65,-0.38,-1.54,26997.79,65722.8024
1771,002460.SZ,20130819,23.8,24.73,23.7,24.65,24.0,0.65,2.71,23366.37,56615.2074
1772,002460.SZ,20130816,24.2,24.8,24.0,24.0,24.33,-0.33,-1.36,20669.42,50417.1647
1773,002460.SZ,20130815,24.54,24.73,24.28,24.33,24.69,-0.36,-1.46,20288.32,49525.6736
1774,002460.SZ,20130814,25.5,25.51,24.45,24.69,25.5,-0.81,-3.18,35806.47,89079.627
1775,002460.SZ,20130813,25.13,26.43,25.01,25.5,25.3,0.2,0.79,55551.99,143255.65
1776,002460.SZ,20130812,24.46,25.43,23.98,25.3,24.31,0.99,4.07,52262.76,129414.5343
1777,002460.SZ,20130809,24.1,24.75,23.98,24.31,23.86,0.45,1.89,41150.92,99990.6109
1778,002460.SZ,20130808,24.1,24.48,23.75,23.86,24.05,-0.19,-0.79,21879.46,52761.7481
1779,002460.SZ,20130807,24.89,25.0,23.95,24.05,24.89,-0.84,-3.37,31592.9,76982.4185
1780,002460.SZ,20130806,24.96,25.17,24.5,24.89,24.82,0.07,0.28,29424.59,73175.5879
1781,002460.SZ,20130805,24.95,25.39,24.57,24.82,24.67,0.15,0.61,42062.7,105314.9948
1782,002460.SZ,20130802,24.38,25.19,24.0,24.67,24.12,0.55,2.28,51996.92,128461.6875
1783,002460.SZ,20130801,23.46,24.18,23.4,24.12,23.45,0.67,2.86,27724.4,66174.1457
1784,002460.SZ,20130731,23.68,23.86,23.16,23.45,23.64,-0.19,-0.8,22805.59,53637.3669
1785,002460.SZ,20130730,23.53,23.99,22.8,23.64,23.5,0.14,0.6,30412.11,71670.1919
1786,002460.SZ,20130729,24.01,24.52,23.45,23.5,23.85,-0.35,-1.47,33956.06,81598.2718
1787,002460.SZ,20130726,24.18,24.25,23.3,23.85,24.08,-0.23,-0.96,44565.84,106133.1427
1788,002460.SZ,20130725,23.41,24.46,23.2,24.08,23.4,0.68,2.91,73257.94,175410.3734
1789,002460.SZ,20130724,22.88,23.44,22.73,23.4,23.07,0.33,1.43,42382.03,97744.1949
1790,002460.SZ,20130723,22.35,23.1,22.34,23.07,22.27,0.8,3.59,48962.84,111435.5618
1791,002460.SZ,20130722,21.53,22.28,21.4,22.27,21.7,0.57,2.63,16072.71,35297.631
1792,002460.SZ,20130719,22.5,22.89,21.5,21.7,22.69,-0.99,-4.36,31200.41,69170.4543
1793,002460.SZ,20130718,22.6,23.39,22.28,22.69,22.61,0.08,0.35,32874.29,75261.1207
1794,002460.SZ,20130717,23.0,23.4,22.32,22.61,23.48,-0.87,-3.71,39915.9,90618.4836
1795,002460.SZ,20130716,22.92,23.99,22.91,23.48,23.03,0.45,1.95,39977.86,93928.4555
1796,002460.SZ,20130715,22.66,23.16,22.66,23.03,22.47,0.56,2.49,35814.43,82328.8208
1797,002460.SZ,20130712,22.73,23.2,22.47,22.47,22.89,-0.42,-1.83,37957.79,86434.6365
1798,002460.SZ,20130711,22.0,23.69,21.85,22.89,22.26,0.63,2.83,74052.7,170101.9804
1799,002460.SZ,20130710,21.1,22.35,21.0,22.26,20.98,1.28,6.1,43643.76,94799.9102
1800,002460.SZ,20130709,20.8,21.2,20.23,20.98,20.91,0.07,0.33,21712.99,45140.899
1801,002460.SZ,20130708,21.12,21.65,20.65,20.91,21.9,-0.99,-4.52,35756.7,75633.9059
1802,002460.SZ,20130705,22.48,22.75,21.9,21.9,22.85,-0.95,-4.16,55564.92,124356.407
1803,002460.SZ,20130704,20.8,23.18,20.7,22.85,21.07,1.78,8.45,87670.97,197595.2001
1804,002460.SZ,20130703,20.9,21.43,20.13,21.07,21.05,0.02,0.1,40639.28,84570.9072
1805,002460.SZ,20130702,20.23,21.2,20.13,21.05,20.22,0.83,4.1,41310.3,86027.0626
1806,002460.SZ,20130701,19.4,20.3,19.22,20.22,19.4,0.82,4.23,32169.37,64033.7607
1807,002460.SZ,20130628,19.48,20.0,19.01,19.4,19.68,-0.28,-1.42,22861.14,44482.2562
1808,002460.SZ,20130627,19.89,20.79,19.51,19.68,19.87,-0.19,-0.96,50347.7,101626.1025
1809,002460.SZ,20130626,19.15,20.07,19.03,19.87,19.38,0.49,2.53,42670.85,83707.5234
1810,002460.SZ,20130625,18.97,19.47,17.39,19.38,19.32,0.06,0.31,45396.41,83546.8554
1811,002460.SZ,20130624,21.5,21.54,19.32,19.32,21.47,-2.15,-10.01,36566.29,73879.0448
1812,002460.SZ,20130621,21.33,21.94,20.81,21.47,22.1,-0.63,-2.85,22705.04,48788.1249
1813,002460.SZ,20130620,23.0,23.09,22.05,22.1,23.18,-1.08,-4.66,22964.0,51923.5043
1814,002460.SZ,20130619,22.8,23.45,22.67,23.38,22.77,0.61,2.68,31190.63,71979.109
1815,002460.SZ,20130618,23.37,23.37,22.15,22.77,23.34,-0.57,-2.44,37174.21,84505.4393
1816,002460.SZ,20130617,23.36,23.94,23.03,23.34,23.29,0.05,0.21,27712.76,65071.0281
1817,002460.SZ,20130614,23.04,23.55,22.93,23.29,23.02,0.27,1.17,31569.88,73487.0796
1818,002460.SZ,20130613,24.42,24.43,22.86,23.02,25.4,-2.38,-9.37,48677.72,113559.3348
1819,002460.SZ,20130607,25.5,26.41,24.55,25.4,25.33,0.07,0.28,65170.79,167180.0978
1820,002460.SZ,20130606,24.52,25.87,24.06,25.33,24.88,0.45,1.81,57018.6,143755.1433
1821,002460.SZ,20130605,24.5,25.75,24.45,24.88,24.64,0.24,0.97,49101.92,123298.4338
1822,002460.SZ,20130604,24.15,24.75,24.0,24.64,24.28,0.36,1.48,27831.22,68000.0803
1823,002460.SZ,20130603,25.0,25.02,24.06,24.28,25.08,-0.8,-3.19,33168.34,81302.7322
1824,002460.SZ,20130531,25.21,25.5,24.67,25.08,25.21,-0.13,-0.52,34087.58,85426.5393
1825,002460.SZ,20130530,25.53,25.8,24.82,25.21,26.0,-0.79,-3.04,49909.14,125734.5696
1826,002460.SZ,20130529,24.9,27.15,24.79,26.0,24.93,1.07,4.29,79623.82,207189.333
1827,002460.SZ,20130528,25.5,25.6,24.35,24.93,25.71,-0.78,-3.03,57904.07,144581.0581
1828,002460.SZ,20130527,25.2,25.79,24.56,25.71,25.55,0.16,0.63,89918.93,225888.6021
1829,002460.SZ,20130524,25.21,26.0,25.01,25.55,25.11,0.44,1.75,42702.56,108326.2023
1830,002460.SZ,20130523,25.2,26.18,24.84,25.11,25.47,-0.36,-1.41,44273.38,112776.9669
1831,002460.SZ,20130522,26.17,26.2,25.43,25.47,26.39,-0.92,-3.49,47642.68,122412.5964
1832,002460.SZ,20130521,26.25,26.62,25.55,26.39,26.57,-0.18,-0.68,57181.59,149223.6984
1833,002460.SZ,20130520,24.81,26.57,24.8,26.57,25.0,1.57,6.28,117643.46,305481.7529
1834,002460.SZ,20130517,24.23,25.51,23.95,25.0,23.62,1.38,5.84,155041.74,381643.973
1835,002460.SZ,20130516,21.6,23.62,21.6,23.62,21.47,2.15,10.01,69089.06,160635.1571
1836,002460.SZ,20130515,21.18,21.48,21.03,21.47,21.18,0.29,1.37,24096.48,51331.9892
1837,002460.SZ,20130514,21.26,21.4,20.62,21.18,21.23,-0.05,-0.24,24999.05,52463.1926
1838,002460.SZ,20130513,21.72,21.72,20.9,21.23,21.74,-0.51,-2.35,35166.94,74776.2944
1839,002460.SZ,20130510,21.79,22.61,21.44,21.74,21.99,-0.25,-1.14,45096.74,99123.1618
1840,002460.SZ,20130509,21.02,22.26,20.89,21.99,20.89,1.1,5.27,66738.57,144617.8371
1841,002460.SZ,20130508,20.64,21.2,20.6,20.89,20.55,0.34,1.65,35982.81,75279.1256
1842,002460.SZ,20130507,20.7,20.96,20.36,20.55,20.65,-0.1,-0.48,34947.56,72145.6974
1843,002460.SZ,20130506,20.21,21.0,20.1,20.65,19.92,0.73,3.66,52558.12,108073.9686
1844,002460.SZ,20130503,19.15,20.56,19.15,19.92,19.15,0.77,4.02,47211.04,94528.9814
1845,002460.SZ,20130502,18.71,19.24,18.2,19.15,18.75,0.4,2.13,16624.92,31230.8128
1846,002460.SZ,20130426,19.08,19.25,18.72,18.75,19.0,-0.25,-1.32,12929.24,24507.7499
1847,002460.SZ,20130425,19.35,19.55,18.92,19.0,19.3,-0.3,-1.55,18660.74,35978.5445
1848,002460.SZ,20130424,18.82,19.49,18.78,19.3,18.78,0.52,2.77,19936.24,38387.2587
1849,002460.SZ,20130423,19.45,19.45,18.72,18.78,19.46,-0.68,-3.49,20114.36,38276.6991
1850,002460.SZ,20130422,18.95,19.52,18.9,19.46,19.07,0.39,2.05,19404.95,37313.4955
1851,002460.SZ,20130419,18.53,19.22,18.53,19.07,18.5,0.57,3.08,19989.0,38086.1248
1852,002460.SZ,20130418,18.57,18.95,18.41,18.5,18.78,-0.28,-1.49,10037.51,18720.813
1853,002460.SZ,20130417,18.7,18.96,18.52,18.78,18.66,0.12,0.64,10374.71,19473.3007
1854,002460.SZ,20130416,17.99,18.68,17.67,18.66,18.1,0.56,3.09,10040.17,18359.7344
1855,002460.SZ,20130415,18.11,18.27,18.05,18.1,18.41,-0.31,-1.68,7357.46,13333.7354
1856,002460.SZ,20130412,18.89,18.97,18.36,18.41,18.94,-0.53,-2.8,9540.71,17742.3216
1857,002460.SZ,20130411,18.95,19.2,18.85,18.94,18.92,0.02,0.11,12474.03,23754.5595
1858,002460.SZ,20130410,18.89,19.25,18.77,18.92,18.99,-0.07,-0.37,13621.82,25882.5278
1859,002460.SZ,20130409,18.59,19.1,18.51,18.99,18.59,0.4,2.15,18376.19,34801.5984
1860,002460.SZ,20130408,18.0,18.65,17.84,18.59,18.26,0.33,1.81,10480.73,19147.1742
1861,002460.SZ,20130403,18.2,18.43,18.01,18.26,18.34,-0.08,-0.44,8516.19,15508.3681
1862,002460.SZ,20130402,18.38,18.66,18.3,18.34,18.38,-0.04,-0.22,12501.61,23149.6171
1863,002460.SZ,20130401,18.2,18.68,18.19,18.38,18.15,0.23,1.27,10163.7,18735.7843
1864,002460.SZ,20130329,18.22,18.45,18.15,18.15,18.28,-0.13,-0.71,9558.12,17440.3535
1865,002460.SZ,20130328,18.99,18.99,18.27,18.28,19.21,-0.93,-4.84,17734.07,32909.0557
1866,002460.SZ,20130327,18.82,19.7,18.75,19.21,18.83,0.38,2.02,26047.47,49891.3689
1867,002460.SZ,20130326,19.17,19.17,18.55,18.83,19.15,-0.32,-1.67,16760.85,31449.4184
1868,002460.SZ,20130325,18.86,19.19,18.86,19.15,18.91,0.24,1.27,11663.3,22243.5564
1869,002460.SZ,20130322,19.1,19.11,18.81,18.91,19.1,-0.19,-0.99,13897.5,26317.2157
1870,002460.SZ,20130321,18.83,19.37,18.83,19.1,18.89,0.21,1.11,18173.89,34733.1274
1871,002460.SZ,20130320,18.39,18.92,18.35,18.89,18.38,0.51,2.77,18849.0,35199.0253
1872,002460.SZ,20130319,18.27,18.44,17.83,18.38,18.27,0.11,0.6,18213.44,33134.9359
1873,002460.SZ,20130318,18.9,19.0,17.83,18.27,19.15,-0.88,-4.6,30430.99,55719.7933
1874,002460.SZ,20130315,19.41,19.56,18.9,19.15,19.29,-0.14,-0.73,21522.21,41510.0278
1875,002460.SZ,20130314,19.39,19.78,19.21,19.29,19.15,0.14,0.73,25411.7,49413.2308
1876,002460.SZ,20130313,19.56,19.56,19.0,19.15,19.89,-0.74,-3.72,43346.04,83231.6734
1877,002460.SZ,20130312,22.0,22.07,19.87,19.89,22.08,-2.19,-9.92,84092.05,173232.3389
1878,002460.SZ,20130311,21.57,22.36,21.5,22.08,21.63,0.45,2.08,55535.85,122446.4524
1879,002460.SZ,20130308,21.49,21.98,21.4,21.63,21.57,0.06,0.28,25177.65,54691.6823
1880,002460.SZ,20130307,21.45,21.9,21.28,21.57,21.67,-0.1,-0.46,33155.3,71452.1222
1881,002460.SZ,20130306,20.88,21.85,20.87,21.67,20.85,0.82,3.93,30418.35,64817.9443
1882,002460.SZ,20130305,20.64,20.89,20.5,20.85,20.62,0.23,1.12,19720.75,40862.2586
1883,002460.SZ,20130304,21.37,21.4,20.37,20.62,21.59,-0.97,-4.49,23087.14,48346.1643
1884,002460.SZ,20130301,21.6,21.86,21.25,21.59,21.48,0.11,0.51,27620.2,59489.3012
1885,002460.SZ,20130228,20.46,21.73,20.41,21.48,20.41,1.07,5.24,37902.04,80849.1318
1886,002460.SZ,20130227,20.2,20.56,20.2,20.41,20.13,0.28,1.39,11376.95,23209.3342
1887,002460.SZ,20130226,20.85,20.85,20.11,20.13,20.96,-0.83,-3.96,26119.23,53447.6288
1888,002460.SZ,20130225,21.11,21.26,20.8,20.96,21.14,-0.18,-0.85,14180.95,29719.4545
1889,002460.SZ,20130222,20.97,21.51,20.92,21.14,20.93,0.21,1.0,19322.26,41013.5168
1890,002460.SZ,20130221,21.45,21.52,20.75,20.93,21.75,-0.82,-3.77,26775.01,56670.8927
1891,002460.SZ,20130220,21.4,21.87,21.1,21.75,21.38,0.37,1.73,24017.1,51928.2842
1892,002460.SZ,20130219,22.0,22.09,21.15,21.38,21.94,-0.56,-2.55,23399.38,50264.2709
1893,002460.SZ,20130218,21.67,22.08,21.61,21.94,21.48,0.46,2.14,31635.23,69215.4502
1894,002460.SZ,20130208,21.4,21.64,21.21,21.48,21.25,0.23,1.08,16957.95,36389.2873
1895,002460.SZ,20130207,21.71,21.8,21.1,21.25,21.68,-0.43,-1.98,22833.31,48639.6143
1896,002460.SZ,20130206,21.65,21.99,21.6,21.68,21.63,0.05,0.23,19269.39,41931.0823
1897,002460.SZ,20130205,21.86,22.0,21.55,21.63,21.94,-0.31,-1.41,31251.58,68165.271
1898,002460.SZ,20130204,21.35,21.98,21.35,21.94,21.19,0.75,3.54,46767.48,102026.7618
1899,002460.SZ,20130201,21.46,21.46,21.1,21.19,21.49,-0.3,-1.4,23098.38,49004.6655
1900,002460.SZ,20130131,21.22,21.92,21.22,21.49,21.39,0.1,0.47,35778.77,77449.7644
1901,002460.SZ,20130130,21.2,21.59,20.91,21.39,21.1,0.29,1.37,37702.19,80506.34
1902,002460.SZ,20130129,20.79,21.24,20.52,21.1,20.79,0.31,1.49,28444.52,59711.9312
1903,002460.SZ,20130128,20.37,20.92,20.35,20.79,20.66,0.13,0.63,22987.23,47495.2049
1904,002460.SZ,20130125,19.59,20.97,19.59,20.66,19.71,0.95,4.82,29512.61,60128.0737
1905,002460.SZ,20130124,20.13,20.7,19.62,19.71,20.3,-0.59,-2.91,26382.93,53225.3155
1906,002460.SZ,20130123,20.5,20.6,19.95,20.3,20.65,-0.35,-1.69,21052.22,42681.7361
1907,002460.SZ,20130122,21.25,21.38,20.49,20.65,21.48,-0.83,-3.86,29229.78,61148.3723
1908,002460.SZ,20130121,20.67,21.65,20.67,21.48,20.66,0.82,3.97,40823.52,86305.8192
1909,002460.SZ,20130118,20.46,20.8,20.4,20.66,20.44,0.22,1.08,16690.33,34421.2244
1910,002460.SZ,20130117,21.22,21.22,20.44,20.44,21.0,-0.56,-2.67,21624.66,44767.7895
1911,002460.SZ,20130116,20.85,21.37,20.61,21.0,20.95,0.05,0.24,39434.38,83077.6721
1912,002460.SZ,20130115,20.52,21.18,20.52,20.95,20.51,0.44,2.15,37463.81,78425.3638
1913,002460.SZ,20130114,19.78,20.59,19.64,20.51,19.75,0.76,3.85,30401.69,61439.1926
1914,002460.SZ,20130111,20.65,20.78,19.7,19.75,20.7,-0.95,-4.59,34064.37,68686.8271
1915,002460.SZ,20130110,20.78,21.08,20.51,20.7,21.0,-0.3,-1.43,25457.98,52909.5647
1916,002460.SZ,20130109,20.71,21.27,20.5,21.0,20.75,0.25,1.2,44458.12,92843.8723
1917,002460.SZ,20130108,20.63,21.0,20.5,20.75,20.67,0.08,0.39,34325.65,71261.8906
1918,002460.SZ,20130107,21.3,21.3,20.5,20.67,21.24,-0.57,-2.68,51387.37,106667.0553
1919,002460.SZ,20130104,21.24,21.24,20.71,21.24,19.31,1.93,9.99,39300.08,83172.9858
1920,002460.SZ,20121224,19.33,19.76,19.16,19.31,19.3,0.01,0.05,19231.26,37299.1542
1921,002460.SZ,20121221,19.54,19.83,19.19,19.3,19.88,-0.58,-2.92,36511.56,71020.2601
1922,002460.SZ,20121220,18.88,19.89,18.8,19.88,19.0,0.88,4.63,47954.72,92546.5871
1923,002460.SZ,20121219,18.49,19.11,18.47,19.0,18.46,0.54,2.93,33945.1,63955.9981
1924,002460.SZ,20121218,18.28,18.89,18.26,18.46,18.36,0.1,0.54,30805.58,57154.9117
1925,002460.SZ,20121217,18.35,18.83,18.12,18.36,18.35,0.01,0.05,33389.72,61645.9615
1926,002460.SZ,20121214,17.35,18.44,17.32,18.35,17.44,0.91,5.22,37290.89,67120.9238
1927,002460.SZ,20121213,17.88,17.99,17.38,17.44,17.88,-0.44,-2.46,17528.86,30788.6456
1928,002460.SZ,20121212,17.64,18.27,17.58,17.88,17.65,0.23,1.3,25744.91,46027.8891
1929,002460.SZ,20121211,17.8,17.98,17.42,17.65,17.8,-0.15,-0.84,17420.36,30779.3367
1930,002460.SZ,20121210,17.22,17.96,17.22,17.8,17.48,0.32,1.83,24405.0,43010.1384
1931,002460.SZ,20121207,16.6,17.59,16.47,17.48,16.65,0.83,4.99,31984.44,54750.3149
1932,002460.SZ,20121206,16.88,17.14,16.61,16.65,16.88,-0.23,-1.36,10138.06,17005.2384
1933,002460.SZ,20121205,16.06,17.27,16.06,16.88,16.28,0.6,3.69,18392.85,30924.8138
1934,002460.SZ,20121204,16.19,16.32,15.42,16.28,16.17,0.11,0.68,13286.21,21022.4703
1935,002460.SZ,20121203,16.89,17.13,16.07,16.17,16.88,-0.71,-4.21,7251.25,12107.6286
1936,002460.SZ,20121130,16.72,17.0,16.61,16.88,16.66,0.22,1.32,7085.79,11913.4556
1937,002460.SZ,20121129,16.92,17.17,16.62,16.66,16.92,-0.26,-1.54,8414.02,14196.8752
1938,002460.SZ,20121128,17.85,17.85,16.9,16.92,17.9,-0.98,-5.47,14947.86,25593.6288
1939,002460.SZ,20121127,18.83,18.87,17.9,17.9,18.95,-1.05,-5.54,11513.94,21016.3629
1940,002460.SZ,20121126,19.14,19.17,18.9,18.95,19.05,-0.1,-0.52,3956.16,7519.9987
1941,002460.SZ,20121123,19.09,19.3,19.0,19.05,19.1,-0.05,-0.26,6481.22,12419.4834
1942,002460.SZ,20121122,19.3,19.35,18.9,19.1,19.5,-0.4,-2.05,6841.55,13089.7973
1943,002460.SZ,20121121,19.16,19.55,18.84,19.5,19.25,0.25,1.3,8661.83,16664.7397
1944,002460.SZ,20121120,19.45,19.59,19.2,19.25,19.26,-0.01,-0.05,7221.21,13970.7815
1945,002460.SZ,20121119,18.84,19.38,18.84,19.26,19.09,0.17,0.89,6265.66,11940.337
1946,002460.SZ,20121116,19.34,19.34,18.83,19.09,19.45,-0.36,-1.85,9757.93,18532.3013
1947,002460.SZ,20121115,19.98,20.0,19.18,19.45,20.39,-0.94,-4.61,23403.71,45517.6931
1948,002460.SZ,20121114,21.31,21.97,20.25,20.39,19.97,0.42,2.1,24177.42,50413.0571
1949,002460.SZ,20121113,20.35,20.45,19.97,19.97,20.31,-0.34,-1.67,7819.02,15754.6208
1950,002460.SZ,20121112,19.93,20.4,19.93,20.31,19.92,0.39,1.96,10022.32,20232.3454
1951,002460.SZ,20121109,20.17,20.45,19.89,19.92,20.2,-0.28,-1.39,9936.14,19982.6435
1952,002460.SZ,20121108,20.85,20.89,20.19,20.2,21.03,-0.83,-3.95,11716.27,24048.3522
1953,002460.SZ,20121107,20.98,21.21,20.78,21.03,20.76,0.27,1.3,13864.15,29110.312
1954,002460.SZ,20121106,20.9,21.07,20.56,20.76,20.98,-0.22,-1.05,13447.14,28019.2321
1955,002460.SZ,20121105,21.2,21.34,20.87,20.98,21.25,-0.27,-1.27,11037.45,23234.6471
1956,002460.SZ,20121102,21.43,21.5,21.11,21.25,21.41,-0.16,-0.75,12208.8,25922.9866
1957,002460.SZ,20121101,21.18,21.52,21.01,21.41,21.17,0.24,1.13,16178.1,34552.1218
1958,002460.SZ,20121031,20.89,21.17,20.81,21.17,20.85,0.32,1.53,8487.76,17832.7388
1959,002460.SZ,20121030,20.69,21.14,20.69,20.85,20.78,0.07,0.34,8625.59,18028.6524
1960,002460.SZ,20121029,20.66,21.08,20.65,20.78,21.55,-0.77,-3.57,20161.49,42048.8952
1961,002460.SZ,20121026,22.06,22.48,21.52,21.55,21.42,0.13,0.61,40599.97,88922.2446
1962,002460.SZ,20121025,21.3,21.46,21.11,21.42,21.21,0.21,0.99,14203.26,30225.668
1963,002460.SZ,20121024,21.52,21.64,21.15,21.21,21.61,-0.4,-1.85,12260.23,26203.4586
1964,002460.SZ,20121023,21.58,21.95,21.51,21.61,21.58,0.03,0.14,14895.61,32385.246
1965,002460.SZ,20121022,21.52,21.67,21.38,21.58,21.65,-0.07,-0.32,16627.72,35722.7766
1966,002460.SZ,20121019,21.9,21.98,21.61,21.65,21.98,-0.33,-1.5,18026.71,39194.2018
1967,002460.SZ,20121018,21.68,22.21,21.45,21.98,21.59,0.39,1.81,42127.03,92558.7254
1968,002460.SZ,20121017,20.68,22.09,20.68,21.59,20.79,0.8,3.85,38853.47,84052.1269
1969,002460.SZ,20121016,20.81,21.12,20.67,20.79,20.85,-0.06,-0.29,8926.65,18648.8587
1970,002460.SZ,20121015,20.83,20.95,20.61,20.85,20.82,0.03,0.14,11237.31,23283.8615
1971,002460.SZ,20121012,20.89,21.29,20.59,20.82,20.89,-0.07,-0.34,11528.72,24064.3738
1972,002460.SZ,20121011,21.43,21.43,20.85,20.89,21.52,-0.63,-2.93,17420.31,36841.0728
1973,002460.SZ,20121010,21.28,21.77,21.14,21.52,21.32,0.2,0.94,16238.05,34888.7228
1974,002460.SZ,20121009,20.9,21.36,20.79,21.32,20.77,0.55,2.65,19886.73,42131.0105
1975,002460.SZ,20121008,21.12,21.22,20.68,20.77,20.98,-0.21,-1.0,10557.41,22030.1821
1976,002460.SZ,20120928,20.47,21.0,20.41,20.98,20.6,0.38,1.84,15335.34,31906.9668
1977,002460.SZ,20120927,20.23,20.86,20.16,20.6,20.27,0.33,1.63,14846.03,30567.7521
1978,002460.SZ,20120926,21.05,21.05,20.2,20.27,21.05,-0.78,-3.71,12486.45,25531.3907
1979,002460.SZ,20120925,21.29,21.58,21.0,21.05,21.08,-0.03,-0.14,14687.75,31214.7014
1980,002460.SZ,20120924,20.71,21.44,20.1,21.08,20.75,0.33,1.59,16774.05,34624.6256
1981,002460.SZ,20120921,21.06,21.38,20.7,20.75,21.08,-0.33,-1.57,16242.36,34146.5065
1982,002460.SZ,20120920,22.25,22.3,21.07,21.08,22.24,-1.16,-5.22,22381.5,48265.8463
1983,002460.SZ,20120919,22.04,22.32,21.99,22.24,22.17,0.07,0.32,13002.28,28791.0991
1984,002460.SZ,20120918,22.26,22.26,21.81,22.17,22.65,-0.48,-2.12,20878.44,46008.4739
1985,002460.SZ,20120917,22.95,23.53,22.61,22.65,22.97,-0.32,-1.39,28327.59,65571.879
1986,002460.SZ,20120914,23.1,23.29,22.71,22.97,22.6,0.37,1.64,25046.88,57601.8361
1987,002460.SZ,20120913,23.35,23.35,22.6,22.6,23.37,-0.77,-3.29,24859.85,57210.0263
1988,002460.SZ,20120912,23.3,23.64,23.13,23.37,23.21,0.16,0.69,22404.54,52333.3237
1989,002460.SZ,20120911,23.3,23.71,23.05,23.21,23.31,-0.1,-0.43,31954.3,74936.5646
1990,002460.SZ,20120910,23.35,23.53,23.03,23.31,23.23,0.08,0.34,24539.41,57181.6413
1991,002460.SZ,20120907,22.66,23.64,22.55,23.23,22.69,0.54,2.38,43900.58,101824.1723
1992,002460.SZ,20120906,22.35,23.42,22.09,22.69,22.2,0.49,2.21,27492.66,62562.4247
1993,002460.SZ,20120905,22.13,22.38,22.0,22.2,22.13,0.07,0.32,6747.52,14952.8891
1994,002460.SZ,20120904,22.4,22.66,22.12,22.13,22.43,-0.3,-1.34,10960.89,24586.1592
1995,002460.SZ,20120903,22.15,22.57,21.8,22.43,22.23,0.2,0.9,10238.36,22906.099
1996,002460.SZ,20120831,22.39,22.56,22.16,22.23,22.72,-0.49,-2.16,8463.75,18906.372
1997,002460.SZ,20120830,22.5,22.75,21.66,22.72,22.53,0.19,0.84,19659.83,43824.5098
1998,002460.SZ,20120829,22.66,22.93,22.4,22.53,22.73,-0.2,-0.88,8290.29,18758.885
1999,002460.SZ,20120828,22.73,23.01,22.51,22.73,23.0,-0.27,-1.17,10126.99,23033.281
2000,002460.SZ,20120827,23.56,23.56,22.0,23.0,23.69,-0.69,-2.91,27962.5,63799.4185
2001,002460.SZ,20120824,23.93,23.98,23.18,23.69,23.75,-0.06,-0.25,41467.99,97875.6859
2002,002460.SZ,20120823,22.98,24.0,22.91,23.75,23.07,0.68,2.95,38715.96,90838.5451
2003,002460.SZ,20120822,23.27,23.51,22.93,23.07,23.25,-0.18,-0.77,17982.38,41768.1788
2004,002460.SZ,20120821,23.0,23.45,22.9,23.25,22.95,0.3,1.31,23313.43,54102.3163
2005,002460.SZ,20120820,22.88,22.96,22.56,22.95,22.89,0.06,0.26,9401.48,21380.9224
2006,002460.SZ,20120817,22.6,22.89,22.46,22.89,22.6,0.29,1.28,8220.7,18661.5707
2007,002460.SZ,20120816,22.55,22.8,22.55,22.6,22.58,0.02,0.09,10919.77,24754.9986
2008,002460.SZ,20120815,23.22,23.43,22.53,22.58,23.22,-0.64,-2.76,19479.82,44603.0891
2009,002460.SZ,20120814,23.34,23.5,22.73,23.22,23.35,-0.13,-0.56,19716.68,45397.3289
2010,002460.SZ,20120813,23.59,23.88,23.13,23.35,23.71,-0.36,-1.52,21949.26,51515.2244
2011,002460.SZ,20120810,24.34,24.36,23.68,23.71,24.34,-0.63,-2.59,28469.42,68084.6095
2012,002460.SZ,20120809,24.3,24.45,23.81,24.34,24.22,0.12,0.5,23439.32,56749.2818
2013,002460.SZ,20120808,24.3,24.69,24.12,24.22,24.42,-0.2,-0.82,24084.0,58583.3258
2014,002460.SZ,20120807,24.74,25.38,24.33,24.42,24.3,0.12,0.49,41005.0,101293.9568
2015,002460.SZ,20120806,23.5,24.41,23.45,24.3,23.71,0.59,2.49,28836.46,69383.6849
2016,002460.SZ,20120803,23.22,23.87,23.22,23.71,23.38,0.33,1.41,23497.16,55598.267
2017,002460.SZ,20120802,23.67,23.89,23.0,23.38,23.94,-0.56,-2.34,22961.52,53936.4615
2018,002460.SZ,20120801,24.0,25.55,23.61,23.94,23.3,0.64,2.75,50978.98,124282.4783
2019,002460.SZ,20120731,22.79,23.56,21.85,23.3,23.05,0.25,1.08,27618.48,62607.3887
2020,002460.SZ,20120730,23.13,23.46,22.7,23.05,22.83,0.22,0.96,17319.92,40016.9686
2021,002460.SZ,20120727,22.9,22.96,22.63,22.83,22.66,0.17,0.75,8770.22,19979.9336
2022,002460.SZ,20120726,22.86,23.2,22.6,22.66,22.87,-0.21,-0.92,8450.77,19301.5445
2023,002460.SZ,20120725,23.13,23.39,22.85,22.87,23.15,-0.28,-1.21,11604.1,26858.5654
2024,002460.SZ,20120724,22.68,23.39,22.57,23.15,22.72,0.43,1.89,13084.53,30280.4535
2025,002460.SZ,20120723,22.68,22.98,22.3,22.72,22.7,0.02,0.09,9060.51,20516.3047
2026,002460.SZ,20120720,23.13,23.25,22.66,22.7,23.12,-0.42,-1.82,11962.7,27386.4956
2027,002460.SZ,20120719,22.84,23.54,22.8,23.12,22.91,0.21,0.92,13369.48,30998.1355
2028,002460.SZ,20120718,22.7,23.02,22.3,22.91,22.72,0.19,0.84,12100.49,27516.5542
2029,002460.SZ,20120717,22.62,22.9,22.51,22.72,22.6,0.12,0.53,11494.91,26059.0929
2030,002460.SZ,20120716,24.3,24.35,22.46,22.6,24.2,-1.6,-6.61,26955.02,62425.1523
2031,002460.SZ,20120713,24.5,24.76,24.15,24.2,24.52,-0.32,-1.31,13780.62,33562.5642
2032,002460.SZ,20120712,23.76,24.75,23.61,24.52,23.85,0.67,2.81,22908.58,55760.2428
2033,002460.SZ,20120711,23.74,23.87,23.44,23.85,23.74,0.11,0.46,13702.87,32454.5917
2034,002460.SZ,20120710,24.05,24.27,23.7,23.74,23.92,-0.18,-0.75,14909.06,35660.7743
2035,002460.SZ,20120709,25.0,25.34,23.86,23.92,25.19,-1.27,-5.04,26659.39,65505.7687
2036,002460.SZ,20120706,24.55,25.28,24.21,25.19,24.5,0.69,2.82,24863.53,61636.6279
2037,002460.SZ,20120705,26.23,26.3,24.48,24.5,26.24,-1.74,-6.63,35814.1,90244.253
2038,002460.SZ,20120704,25.81,26.43,25.7,26.24,25.64,0.6,2.34,37750.51,98718.153
2039,002460.SZ,20120703,25.9,26.1,25.5,25.64,25.9,-0.26,-1.0,27327.33,70511.5163
2040,002460.SZ,20120702,26.0,26.49,25.52,25.9,25.68,0.22,0.86,27842.51,72341.7407
2041,002460.SZ,20120629,25.1,25.68,24.5,25.68,24.96,0.72,2.88,23285.39,58686.7217
2042,002460.SZ,20120628,24.82,25.42,24.77,24.96,24.85,0.11,0.44,19919.09,50050.4026
2043,002460.SZ,20120627,24.82,25.49,24.43,24.85,24.8,0.05,0.2,23565.14,59222.4221
2044,002460.SZ,20120626,25.82,25.82,24.19,24.8,26.09,-1.29,-4.94,31758.11,78862.2678
2045,002460.SZ,20120625,26.25,26.79,25.94,26.09,25.94,0.15,0.58,28968.18,76162.7324
2046,002460.SZ,20120621,25.7,26.44,25.6,25.94,25.85,0.09,0.35,27345.32,71362.3307
2047,002460.SZ,20120620,26.3,26.62,25.8,25.85,26.08,-0.23,-0.88,22217.43,58149.2622
2048,002460.SZ,20120619,26.7,26.8,26.02,26.08,26.97,-0.89,-3.3,30036.35,79114.0874
2049,002460.SZ,20120618,26.5,27.35,26.3,26.97,26.51,0.46,1.74,44974.46,121497.8526
2050,002460.SZ,20120615,26.01,26.63,25.6,26.51,26.1,0.41,1.57,46826.78,122003.8013
2051,002460.SZ,20120614,26.71,26.8,26.1,26.1,26.93,-0.83,-3.08,49911.44,131932.9169
2052,002460.SZ,20120613,26.58,27.16,26.18,26.93,26.76,0.17,0.64,53976.29,144188.4373
2053,002460.SZ,20120612,26.7,27.66,26.6,26.76,27.2,-0.44,-1.62,65809.98,178570.7534
2054,002460.SZ,20120611,26.88,27.28,26.0,27.2,27.55,-0.35,-1.27,99336.22,265543.4348
2055,002460.SZ,20120608,25.85,27.63,25.61,27.55,25.12,2.43,9.67,154561.41,421249.5617
2056,002460.SZ,20120607,25.39,25.8,25.0,25.12,24.86,0.26,1.05,27403.54,69504.861
2057,002460.SZ,20120606,25.34,25.85,24.61,24.86,25.34,-0.48,-1.89,22951.55,57862.0305
2058,002460.SZ,20120605,25.55,25.96,25.04,25.34,25.5,-0.16,-0.63,41651.4,106353.8403
2059,002460.SZ,20120604,24.88,26.98,24.65,25.5,25.34,0.16,0.63,78529.45,203551.4031
2060,002460.SZ,20120601,24.92,25.55,24.92,25.34,25.06,0.28,1.12,32683.56,82649.6772
2061,002460.SZ,20120531,24.35,25.55,24.24,25.06,24.57,0.49,1.99,56393.25,141909.6134
2062,002460.SZ,20120530,24.2,24.94,24.2,24.57,24.19,0.38,1.57,30945.86,76180.4595
2063,002460.SZ,20120529,23.59,24.32,23.4,24.19,23.59,0.6,2.54,24373.48,58668.1826
2064,002460.SZ,20120528,23.2,23.7,22.45,23.59,23.25,0.34,1.46,15677.14,36040.5865
2065,002460.SZ,20120525,23.77,24.09,23.22,23.25,23.9,-0.65,-2.72,14789.65,34845.8511
2066,002460.SZ,20120524,23.96,24.43,23.73,23.9,24.0,-0.1,-0.42,13941.78,33483.3914
2067,002460.SZ,20120523,24.5,24.52,23.8,24.0,24.5,-0.5,-2.04,14392.24,34635.1136
2068,002460.SZ,20120522,24.4,24.61,24.2,24.5,24.16,0.34,1.41,13040.99,31828.0471
2069,002460.SZ,20120521,24.2,24.65,23.62,24.16,24.38,-0.22,-0.9,19124.28,45973.2549
2070,002460.SZ,20120518,23.92,25.5,23.85,24.38,23.98,0.4,1.67,43391.71,107837.002
2071,002460.SZ,20120517,23.85,24.16,23.75,23.98,23.59,0.39,1.65,13385.11,32102.5778
2072,002460.SZ,20120516,23.78,24.08,23.61,23.79,23.82,-0.03,-0.13,12988.84,31012.3523
2073,002460.SZ,20120515,23.89,23.9,23.4,23.82,24.18,-0.36,-1.49,18179.98,42902.14
2074,002460.SZ,20120514,24.8,24.94,24.08,24.18,24.66,-0.48,-1.95,18037.12,44382.784
2075,002460.SZ,20120511,25.15,25.27,24.66,24.66,25.22,-0.56,-2.22,22706.27,56493.0605
2076,002460.SZ,20120510,24.61,25.47,24.61,25.22,24.86,0.36,1.45,22189.35,55673.7736
2077,002460.SZ,20120509,25.01,25.29,24.76,24.86,25.48,-0.62,-2.43,25090.93,62733.3014
2078,002460.SZ,20120508,25.74,25.84,25.16,25.48,25.85,-0.37,-1.43,28163.11,71625.3685
2079,002460.SZ,20120507,25.4,26.0,25.12,25.85,25.55,0.3,1.17,40715.27,104598.5893
2080,002460.SZ,20120504,25.04,25.6,24.9,25.55,25.04,0.51,2.04,34740.98,88153.3943
2081,002460.SZ,20120503,24.89,25.18,24.81,25.04,25.0,0.04,0.16,24166.14,60512.3533
2082,002460.SZ,20120502,24.9,25.37,24.25,25.0,24.33,0.67,2.75,42418.28,105647.7825
2083,002460.SZ,20120427,24.32,24.93,24.21,24.33,24.38,-0.05,-0.21,20643.11,50725.6414
2084,002460.SZ,20120426,24.88,24.89,24.18,24.38,24.75,-0.37,-1.49,24619.25,60259.7512
2085,002460.SZ,20120425,24.94,25.79,24.4,24.75,25.36,-0.61,-2.41,46596.89,115831.1669
2086,002460.SZ,20120424,23.95,26.15,23.01,25.36,24.02,1.34,5.58,63850.37,159525.6922
2087,002460.SZ,20120423,24.7,24.78,24.0,24.02,24.85,-0.83,-3.34,19988.59,48553.344
2088,002460.SZ,20120420,24.9,25.09,24.5,24.85,24.96,-0.11,-0.44,26553.66,65700.8939
2089,002460.SZ,20120419,26.2,26.3,24.83,24.96,25.4,-0.44,-1.73,44313.09,113398.9925
2090,002460.SZ,20120418,24.5,25.4,24.45,25.4,24.4,1.0,4.1,24493.44,61442.6719
2091,002460.SZ,20120417,25.0,25.18,24.31,24.4,24.97,-0.57,-2.28,17535.04,43211.985
2092,002460.SZ,20120416,24.75,25.25,24.57,24.97,24.91,0.06,0.24,28790.33,71958.5266
2093,002460.SZ,20120413,24.06,25.21,23.95,24.91,23.97,0.94,3.92,41567.4,102088.813
2094,002460.SZ,20120412,23.88,23.99,23.28,23.97,23.67,0.3,1.27,26925.31,63797.429
2095,002460.SZ,20120410,23.38,23.88,22.89,23.67,23.62,0.05,0.21,21705.1,50743.7766
2096,002460.SZ,20120409,23.3,24.0,22.43,23.62,23.48,0.14,0.6,20105.93,46775.8402
2097,002460.SZ,20120406,23.44,23.79,23.2,23.48,23.39,0.09,0.38,17918.54,42176.8562
2098,002460.SZ,20120405,22.59,23.39,22.41,23.39,22.65,0.74,3.27,17580.47,40599.1274
2099,002460.SZ,20120330,22.41,22.92,22.28,22.65,22.54,0.11,0.49,14349.96,32457.3551
2100,002460.SZ,20120329,23.25,23.26,22.1,22.54,23.37,-0.83,-3.55,19739.38,44909.7451
2101,002460.SZ,20120328,25.3,25.3,23.1,23.37,25.57,-2.2,-8.6,37882.79,90518.5751
2102,002460.SZ,20120327,25.5,25.98,25.31,25.57,25.35,0.22,0.87,26724.42,68615.9555
2103,002460.SZ,20120326,24.94,25.5,24.91,25.35,25.08,0.27,1.08,21972.46,55314.6213
2104,002460.SZ,20120323,25.54,26.07,24.9,25.08,25.74,-0.66,-2.56,34106.56,86931.4049
2105,002460.SZ,20120322,26.4,26.4,25.57,25.74,26.63,-0.89,-3.34,42906.71,111126.8092
2106,002460.SZ,20120321,25.5,26.98,24.92,26.63,25.28,1.35,5.34,82982.06,216821.2226
2107,002460.SZ,20120320,25.32,25.85,25.01,25.28,25.26,0.02,0.08,50206.91,127904.7787
2108,002460.SZ,20120319,24.52,25.64,24.15,25.26,24.75,0.51,2.06,35393.9,88287.9306
2109,002460.SZ,20120316,23.16,24.86,23.11,24.75,23.36,1.39,5.95,34877.72,83915.3319
2110,002460.SZ,20120315,23.95,24.21,22.88,23.36,23.96,-0.6,-2.5,27274.98,63991.1827
2111,002460.SZ,20120314,25.44,25.98,23.81,23.96,25.43,-1.47,-5.78,51044.64,127559.6159
2112,002460.SZ,20120313,25.14,25.5,24.85,25.43,25.38,0.05,0.2,26923.65,67600.5321
2113,002460.SZ,20120312,25.5,25.73,25.07,25.38,25.52,-0.14,-0.55,29867.84,75914.982
2114,002460.SZ,20120309,25.46,25.85,25.16,25.52,25.38,0.14,0.55,33730.66,85758.2516
2115,002460.SZ,20120308,24.99,26.0,24.99,25.38,24.79,0.59,2.38,39573.46,101253.6717
2116,002460.SZ,20120307,24.81,25.28,24.63,24.79,25.29,-0.5,-1.98,28610.26,71362.8711
2117,002460.SZ,20120306,25.7,25.99,25.0,25.29,25.4,-0.11,-0.43,49654.04,126525.765
2118,002460.SZ,20120305,24.78,25.4,24.53,25.4,24.74,0.66,2.67,45279.7,113270.3518
2119,002460.SZ,20120302,24.1,24.84,24.1,24.74,23.93,0.81,3.38,38686.04,95425.162
2120,002460.SZ,20120301,23.79,24.06,23.59,23.93,23.79,0.14,0.59,14863.56,35449.7112
2121,002460.SZ,20120229,23.86,24.33,23.65,23.79,23.95,-0.16,-0.67,19477.3,46771.2097
2122,002460.SZ,20120228,24.17,24.46,23.56,23.95,24.53,-0.58,-2.36,27020.62,64793.1966
2123,002460.SZ,20120227,24.69,25.06,24.46,24.53,24.61,-0.08,-0.33,37500.46,92942.3807
2124,002460.SZ,20120224,24.49,24.75,24.13,24.61,24.49,0.12,0.49,28035.3,68479.091
2125,002460.SZ,20120223,24.56,24.84,24.1,24.49,24.67,-0.18,-0.73,30381.51,74528.3094
2126,002460.SZ,20120222,24.28,24.73,24.05,24.67,24.28,0.39,1.61,32911.6,80586.2999
2127,002460.SZ,20120221,24.1,24.39,23.52,24.28,24.25,0.03,0.12,25687.27,61640.1857
2128,002460.SZ,20120220,24.25,24.5,24.12,24.25,24.44,-0.19,-0.78,37783.88,91789.9033
2129,002460.SZ,20120217,23.54,25.48,23.54,24.44,23.32,1.12,4.8,82678.66,203004.1289
2130,002460.SZ,20120216,23.28,23.49,22.85,23.32,23.44,-0.12,-0.51,29508.86,68483.2886
2131,002460.SZ,20120215,22.8,23.83,22.8,23.44,23.03,0.41,1.78,36271.82,84973.2037
2132,002460.SZ,20120214,23.17,23.28,22.8,23.03,23.17,-0.14,-0.6,22380.48,51422.2077
2133,002460.SZ,20120213,22.65,23.35,22.6,23.17,22.9,0.27,1.18,28594.02,66012.1822
2134,002460.SZ,20120210,22.53,23.32,22.53,22.9,22.82,0.08,0.35,30295.25,69463.9922
2135,002460.SZ,20120209,23.1,23.36,22.67,22.82,22.95,-0.13,-0.57,40466.85,93201.7854
2136,002460.SZ,20120208,21.82,22.96,21.63,22.95,21.81,1.14,5.23,43076.73,97131.9141
2137,002460.SZ,20120207,22.01,22.12,21.62,21.81,22.32,-0.51,-2.28,20716.67,45274.2103
2138,002460.SZ,20120206,22.22,22.4,21.91,22.32,22.19,0.13,0.59,22433.31,49729.2831
2139,002460.SZ,20120203,21.77,22.29,21.5,22.19,21.7,0.49,2.26,30105.4,66410.4174
2140,002460.SZ,20120202,21.02,21.76,20.9,21.7,21.1,0.6,2.84,19086.89,40730.4064
2141,002460.SZ,20120201,21.72,21.99,21.01,21.1,21.86,-0.76,-3.48,17889.43,38465.998
2142,002460.SZ,20120131,21.62,21.96,21.34,21.86,21.63,0.23,1.06,16721.68,36207.9082
2143,002460.SZ,20120130,22.18,22.39,21.6,21.63,22.02,-0.39,-1.77,19243.48,42394.3162
2144,002460.SZ,20120120,22.48,22.6,21.76,22.02,22.39,-0.37,-1.65,25105.61,55307.5085
2145,002460.SZ,20120119,20.74,22.5,20.71,22.39,21.15,1.24,5.86,35555.77,77343.441
2146,002460.SZ,20120118,21.35,22.48,20.94,21.15,21.29,-0.14,-0.66,34864.5,75735.4636
2147,002460.SZ,20120117,19.4,21.29,19.35,21.29,19.35,1.94,10.03,29403.88,60595.3652
2148,002460.SZ,20120116,20.12,20.49,19.3,19.35,20.6,-1.25,-6.07,15274.64,30363.8869
2149,002460.SZ,20120113,21.5,21.88,20.29,20.6,21.72,-1.12,-5.16,25030.73,52483.4221
2150,002460.SZ,20120112,21.22,21.95,21.1,21.72,21.58,0.14,0.65,28451.62,61452.1917
2151,002460.SZ,20120111,21.11,22.34,20.82,21.58,21.15,0.43,2.03,36112.24,78181.463
2152,002460.SZ,20120110,20.07,21.49,19.94,21.15,20.15,1.0,4.96,30692.83,64202.9026
2153,002460.SZ,20120109,19.02,20.18,18.71,20.15,19.06,1.09,5.72,17861.72,35150.9724
2154,002460.SZ,20120106,18.6,19.2,18.03,19.06,18.81,0.25,1.33,14547.83,26874.1335
2155,002460.SZ,20120105,19.65,20.0,18.8,18.81,19.77,-0.96,-4.86,16893.98,32855.8117
2156,002460.SZ,20120104,21.05,21.21,19.75,19.77,20.76,-0.99,-4.77,15968.4,32839.4013
2157,002460.SZ,20111230,20.21,20.8,20.2,20.76,20.1,0.66,3.28,11634.42,23948.0952
2158,002460.SZ,20111229,19.9,20.36,19.71,20.1,20.16,-0.06,-0.3,10137.15,20406.0502
2159,002460.SZ,20111228,20.18,20.37,19.34,20.16,20.4,-0.24,-1.18,15751.23,31245.9144
2160,002460.SZ,20111227,21.2,21.31,20.3,20.4,21.4,-1.0,-4.67,12894.43,26872.9326
2161,002460.SZ,20111226,21.82,22.25,21.4,21.4,21.82,-0.42,-1.92,10067.92,21999.2983
2162,002460.SZ,20111223,21.5,22.16,21.38,21.82,21.67,0.15,0.69,12653.74,27620.7391
2163,002460.SZ,20111222,21.85,21.98,20.75,21.67,22.1,-0.43,-1.95,18604.39,39576.6963
2164,002460.SZ,20111221,23.41,23.5,22.1,22.1,23.01,-0.91,-3.95,14693.51,33610.5315
2165,002460.SZ,20111220,23.19,23.7,23.01,23.01,23.35,-0.34,-1.46,16094.66,37470.5312
2166,002460.SZ,20111219,22.7,23.4,22.26,23.35,22.77,0.58,2.55,26961.5,62113.0817
2167,002460.SZ,20111216,21.91,22.82,21.7,22.77,21.7,1.07,4.93,14879.37,33059.1237
2168,002460.SZ,20111215,22.4,22.42,21.63,21.7,22.71,-1.01,-4.45,20079.6,44278.6591
2169,002460.SZ,20111214,22.91,23.25,22.7,22.71,23.12,-0.41,-1.77,16116.84,36973.4298
2170,002460.SZ,20111213,23.81,24.0,22.95,23.12,24.33,-1.21,-4.97,19275.59,44870.5673
2171,002460.SZ,20111212,24.58,25.15,24.32,24.33,24.45,-0.12,-0.49,18777.46,46533.8287
2172,002460.SZ,20111209,24.18,24.59,24.0,24.45,24.46,-0.01,-0.04,14136.02,34407.6285
2173,002460.SZ,20111208,24.0,24.69,23.53,24.46,24.11,0.35,1.45,23702.26,57363.6462
2174,002460.SZ,20111207,24.05,24.35,23.9,24.11,23.99,0.12,0.5,14472.42,34926.9685
2175,002460.SZ,20111206,23.72,24.4,23.6,23.99,23.46,0.53,2.26,20664.7,49776.3055
2176,002460.SZ,20111205,23.99,24.45,23.45,23.46,24.59,-1.13,-4.6,15276.95,36425.4693
2177,002460.SZ,20111202,25.4,25.4,24.46,24.59,25.67,-1.08,-4.21,21592.76,53519.3101
2178,002460.SZ,20111201,26.0,26.29,25.5,25.67,25.07,0.6,2.39,31088.01,80593.7019
2179,002460.SZ,20111130,26.7,26.75,24.1,25.07,26.7,-1.63,-6.1,35347.17,89433.3115
2180,002460.SZ,20111129,26.63,26.95,26.47,26.7,26.05,0.65,2.5,27576.72,73632.7819
2181,002460.SZ,20111128,26.19,26.58,25.85,26.05,25.96,0.09,0.35,16157.91,42346.5334
2182,002460.SZ,20111125,26.41,26.78,25.9,25.96,26.4,-0.44,-1.67,17323.24,45657.9621
2183,002460.SZ,20111124,25.99,26.78,25.68,26.4,26.91,-0.51,-1.9,24502.73,64042.3093
2184,002460.SZ,20111123,27.4,27.73,26.89,26.91,27.37,-0.46,-1.68,15078.47,41050.4789
2185,002460.SZ,20111122,27.52,27.8,26.7,27.37,27.91,-0.54,-1.93,18537.49,50629.7407
2186,002460.SZ,20111121,27.52,27.91,27.32,27.91,27.49,0.42,1.53,21967.46,60694.3234
2187,002460.SZ,20111118,28.28,28.4,27.45,27.49,28.65,-1.16,-4.05,24500.34,68213.6472
2188,002460.SZ,20111117,28.66,29.1,28.27,28.65,28.6,0.05,0.17,29854.97,85698.8297
2189,002460.SZ,20111116,29.55,29.79,28.45,28.6,29.86,-1.26,-4.22,45959.58,133354.5818
2190,002460.SZ,20111115,30.28,30.59,29.6,29.86,30.36,-0.5,-1.65,67919.24,203624.3181
2191,002460.SZ,20111114,28.66,30.6,28.6,30.36,27.89,2.47,8.86,111425.98,331538.5463
2192,002460.SZ,20111111,28.1,28.35,27.28,27.89,28.06,-0.17,-0.61,29449.87,81715.1865
2193,002460.SZ,20111110,28.46,28.77,28.05,28.06,28.92,-0.86,-2.97,33867.69,96253.073
2194,002460.SZ,20111109,28.44,28.97,27.71,28.92,28.56,0.36,1.26,42824.75,122059.8932
2195,002460.SZ,20111108,27.7,28.98,27.6,28.56,27.72,0.84,3.03,51852.94,147360.2792
2196,002460.SZ,20111107,28.19,28.55,27.5,27.72,28.18,-0.46,-1.63,25419.27,70910.2949
2197,002460.SZ,20111104,28.9,28.9,28.0,28.18,28.45,-0.27,-0.95,39521.79,111924.5859
2198,002460.SZ,20111103,28.5,29.64,28.1,28.45,28.6,-0.15,-0.52,73690.39,212832.6075
2199,002460.SZ,20111102,27.77,28.75,27.38,28.6,28.55,0.05,0.18,64724.18,181252.7615
2200,002460.SZ,20111101,27.4,29.19,27.19,28.55,27.82,0.73,2.62,108062.19,304528.0497
2201,002460.SZ,20111031,25.7,27.82,25.7,27.82,25.29,2.53,10.0,94247.49,260046.3871
2202,002460.SZ,20111028,25.35,25.5,24.78,25.29,24.69,0.6,2.43,27146.17,68414.6057
2203,002460.SZ,20111027,24.75,25.33,24.51,24.69,24.6,0.09,0.37,27138.2,67638.4433
2204,002460.SZ,20111026,24.06,25.5,23.92,24.6,24.3,0.3,1.23,32071.62,79422.451
2205,002460.SZ,20111025,23.6,24.52,23.2,24.3,23.59,0.71,3.01,25353.75,60841.7527
2206,002460.SZ,20111024,23.15,23.6,22.4,23.59,23.0,0.59,2.57,17537.58,40594.3383
2207,002460.SZ,20111021,23.73,23.85,23.0,23.0,23.88,-0.88,-3.69,15321.63,35675.3795
2208,002460.SZ,20111020,25.08,25.51,23.58,23.88,25.51,-1.63,-6.39,25191.78,60728.5938
2209,002460.SZ,20111019,25.79,26.16,25.0,25.51,25.64,-0.13,-0.51,16358.77,41820.7182
2210,002460.SZ,20111018,26.61,27.23,25.62,25.64,26.9,-1.26,-4.68,25244.96,67069.9491
2211,002460.SZ,20111017,26.95,27.38,26.61,26.9,26.9,0.0,0.0,20197.56,54399.9962
2212,002460.SZ,20111014,26.84,27.22,26.32,26.9,27.14,-0.24,-0.88,23222.59,62005.2031
2213,002460.SZ,20111013,26.09,27.84,26.01,27.14,26.29,0.85,3.23,38194.98,103286.2582
2214,002460.SZ,20111012,25.06,26.29,24.7,26.29,25.35,0.94,3.71,23024.27,59636.4637
2215,002460.SZ,20111011,26.3,26.4,24.76,25.35,25.4,-0.05,-0.2,16954.96,43638.157
2216,002460.SZ,20111010,26.28,26.48,25.31,25.4,26.06,-0.66,-2.53,14743.16,38018.4971
2217,002460.SZ,20110930,25.75,26.76,25.73,26.06,25.69,0.37,1.44,14197.52,37151.9143
2218,002460.SZ,20110929,26.9,26.95,25.69,25.69,27.03,-1.34,-4.96,16597.64,43430.39
2219,002460.SZ,20110928,27.68,27.7,26.81,27.03,27.36,-0.33,-1.21,15661.83,42609.3529
2220,002460.SZ,20110927,28.4,28.58,26.56,27.36,27.97,-0.61,-2.18,24568.06,67581.9547
2221,002460.SZ,20110926,27.95,28.61,27.82,27.97,28.23,-0.26,-0.92,14910.97,42159.2305
2222,002460.SZ,20110923,27.55,28.48,27.55,28.23,28.66,-0.43,-1.5,21564.9,60506.0123
2223,002460.SZ,20110922,29.68,29.98,28.6,28.66,30.1,-1.44,-4.78,25854.39,76030.0477
2224,002460.SZ,20110921,29.01,30.47,28.75,30.1,29.18,0.92,3.15,38943.15,115989.8618
2225,002460.SZ,20110920,28.45,29.59,27.58,29.18,28.51,0.67,2.35,28058.25,80547.3526
2226,002460.SZ,20110919,29.68,29.68,28.4,28.51,29.88,-1.37,-4.59,27650.47,79684.5647
2227,002460.SZ,20110916,29.22,30.25,29.2,29.88,29.42,0.46,1.56,33936.07,101597.7903
2228,002460.SZ,20110915,29.41,30.29,29.12,29.42,29.35,0.07,0.24,43234.89,129043.8092
2229,002460.SZ,20110914,28.32,29.45,28.32,29.35,28.08,1.27,4.52,38178.06,110933.8382
2230,002460.SZ,20110913,27.99,28.35,27.52,28.08,28.85,-0.77,-2.67,17188.38,47882.4628
2231,002460.SZ,20110909,28.3,29.37,28.12,28.85,28.3,0.55,1.94,26261.81,75596.0994
2232,002460.SZ,20110908,29.66,29.66,28.3,28.3,29.57,-1.27,-4.29,42763.99,123967.3075
2233,002460.SZ,20110907,27.1,29.57,27.1,29.57,26.88,2.69,10.01,62425.55,180609.566
2234,002460.SZ,20110906,26.8,27.5,26.5,26.88,27.17,-0.29,-1.07,15823.6,42708.5045
2235,002460.SZ,20110905,28.01,28.02,27.01,27.17,28.5,-1.33,-4.67,15398.91,42264.3227
2236,002460.SZ,20110901,28.85,29.18,28.16,28.5,28.6,-0.1,-0.35,15535.18,44588.5742
2237,002460.SZ,20110831,29.32,29.58,28.1,28.6,29.25,-0.65,-2.22,25020.72,71781.1203
2238,002460.SZ,20110830,30.58,30.9,29.2,29.25,30.35,-1.1,-3.62,23731.77,71532.0754
2239,002460.SZ,20110829,30.12,31.0,29.85,30.35,30.55,-0.2,-0.65,32892.04,100366.2893
2240,002460.SZ,20110826,29.58,31.09,29.3,30.55,29.7,0.85,2.86,42338.84,128609.1053
2241,002460.SZ,20110825,29.18,29.88,28.95,29.7,29.12,0.58,1.99,21644.96,63624.7252
2242,002460.SZ,20110824,30.09,30.09,29.02,29.12,29.73,-0.61,-2.05,25075.39,74312.4232
2243,002460.SZ,20110823,28.82,29.8,28.4,29.73,28.55,1.18,4.13,32736.73,95772.7554
2244,002460.SZ,20110822,28.6,29.55,28.3,28.55,28.66,-0.11,-0.38,22722.07,65684.12
2245,002460.SZ,20110819,28.0,29.29,28.0,28.66,29.56,-0.9,-3.04,28033.31,80327.7491
2246,002460.SZ,20110818,30.1,30.7,29.5,29.56,30.82,-1.26,-4.09,32429.25,97471.853
2247,002460.SZ,20110817,29.88,31.3,29.51,30.82,30.16,0.66,2.19,51508.1,157700.307
2248,002460.SZ,20110816,32.58,32.7,30.03,30.16,31.11,-0.95,-3.05,98399.11,304877.4571
2249,002460.SZ,20110815,29.1,31.11,29.1,31.11,28.28,2.83,10.01,40660.99,124277.2919
2250,002460.SZ,20110812,28.55,29.18,28.08,28.28,27.8,0.48,1.73,25820.48,73769.8118
2251,002460.SZ,20110811,26.7,27.88,26.01,27.8,27.5,0.3,1.09,28132.07,76759.0359
2252,002460.SZ,20110810,27.68,27.87,27.18,27.5,26.88,0.62,2.31,27445.02,75701.6633
2253,002460.SZ,20110809,26.0,27.65,24.91,26.88,27.5,-0.62,-2.25,27475.75,72859.1222
2254,002460.SZ,20110808,30.15,30.15,27.5,27.5,30.55,-3.05,-9.98,34201.74,96907.1481
2255,002460.SZ,20110805,30.6,31.0,30.01,30.55,31.75,-1.2,-3.78,16789.35,51393.5172
2256,002460.SZ,20110804,31.45,32.27,31.45,31.75,31.7,0.05,0.16,13089.27,41725.6036
2257,002460.SZ,20110803,31.5,32.58,31.2,31.7,32.3,-0.6,-1.86,20985.54,67003.3899
2258,002460.SZ,20110802,31.36,32.8,30.52,32.3,31.95,0.35,1.1,33551.68,106114.0295
2259,002460.SZ,20110801,30.58,32.59,30.3,31.95,30.67,1.28,4.17,36941.6,117475.6862
2260,002460.SZ,20110729,31.58,31.93,30.61,30.67,31.71,-1.04,-3.28,18360.06,57286.2153
2261,002460.SZ,20110728,32.1,32.1,31.2,31.71,32.63,-0.92,-2.82,21264.12,67386.1804
2262,002460.SZ,20110727,32.0,32.7,31.55,32.63,32.13,0.5,1.56,24149.42,78213.795
2263,002460.SZ,20110726,31.67,32.28,31.27,32.13,31.6,0.53,1.68,18517.25,59077.2486
2264,002460.SZ,20110725,32.99,32.99,31.6,31.6,33.14,-1.54,-4.65,23849.2,76918.6267
2265,002460.SZ,20110722,33.7,33.95,33.0,33.14,33.61,-0.47,-1.4,22317.35,74333.2384
2266,002460.SZ,20110721,34.31,34.48,33.6,33.61,34.26,-0.65,-1.9,19943.57,67630.9439
2267,002460.SZ,20110720,34.5,34.95,33.68,34.26,34.51,-0.25,-0.72,22188.91,75980.4492
2268,002460.SZ,20110719,35.6,35.61,33.55,34.51,36.35,-1.84,-5.06,46120.2,159694.992
2269,002460.SZ,20110718,36.25,37.89,36.25,36.35,36.31,0.04,0.11,57155.14,211396.5298
2270,002460.SZ,20110715,36.1,36.7,35.9,36.31,36.92,-0.61,-1.65,42680.07,154540.7196
2271,002460.SZ,20110714,36.65,37.29,35.73,36.92,36.45,0.47,1.29,65159.79,239084.5371
2272,002460.SZ,20110713,35.7,36.49,34.95,36.45,36.21,0.24,0.66,52844.49,189122.961
2273,002460.SZ,20110712,34.9,37.6,34.6,36.21,35.6,0.61,1.71,94799.91,342859.3151
2274,002460.SZ,20110711,35.3,36.4,34.68,35.6,35.08,0.52,1.48,63606.24,226682.379
2275,002460.SZ,20110708,36.1,36.65,34.38,35.08,36.66,-1.58,-4.31,60743.98,213454.6462
2276,002460.SZ,20110707,35.95,37.45,35.81,36.66,36.1,0.56,1.55,76809.77,281906.1138
2277,002460.SZ,20110706,36.56,36.9,35.56,36.1,36.9,-0.8,-2.17,79405.01,287564.5994
2278,002460.SZ,20110705,38.31,38.71,36.36,36.9,35.19,1.71,4.86,140958.95,528587.0199
2279,002460.SZ,20110704,33.9,35.19,33.21,35.19,31.99,3.2,10.0,62058.92,215226.1561
2280,002460.SZ,20110701,30.11,31.99,30.11,31.99,29.08,2.91,10.01,49444.99,155930.6403
2281,002460.SZ,20110630,28.25,29.7,28.05,29.08,28.25,0.83,2.94,27455.25,80217.2117
2282,002460.SZ,20110629,28.46,28.79,28.22,28.25,28.38,-0.13,-0.46,11677.63,33290.2662
2283,002460.SZ,20110628,28.2,28.74,28.2,28.38,28.65,-0.27,-0.94,11633.59,33065.9811
2284,002460.SZ,20110627,27.83,28.95,27.83,28.65,27.9,0.75,2.69,21338.05,60574.7998
2285,002460.SZ,20110624,27.38,28.38,27.02,27.9,27.39,0.51,1.86,17107.85,47841.8792
2286,002460.SZ,20110623,26.65,27.6,26.51,27.39,26.67,0.72,2.7,11109.04,30237.9521
2287,002460.SZ,20110622,27.08,27.28,26.51,26.67,26.98,-0.31,-1.15,5704.26,15296.9401
2288,002460.SZ,20110621,26.92,27.18,26.5,26.98,26.9,0.08,0.3,8171.54,21874.2826
2289,002460.SZ,20110620,26.8,27.5,26.2,26.9,26.95,-0.05,-0.19,8666.93,23303.5101
2290,002460.SZ,20110617,27.9,28.1,26.9,26.95,27.85,-0.9,-3.23,11405.74,31541.3008
2291,002460.SZ,20110616,27.11,28.36,26.91,27.85,27.44,0.41,1.49,19751.83,54916.5639
2292,002460.SZ,20110615,27.68,28.39,27.06,27.44,27.8,-0.36,-1.3,12473.99,34706.4345
2293,002460.SZ,20110614,26.27,28.4,26.01,27.8,26.28,1.52,5.78,15227.22,41839.9545
2294,002460.SZ,20110613,25.9,26.49,25.81,26.28,26.53,-0.25,-0.94,5652.94,14795.9431
2295,002460.SZ,20110610,26.7,26.83,25.62,26.53,26.82,-0.29,-1.08,9455.6,24785.3632
2296,002460.SZ,20110609,28.36,28.45,26.8,26.82,28.36,-1.54,-5.43,18092.03,50128.0217
2297,002460.SZ,20110608,27.18,28.49,26.63,28.36,27.28,1.08,3.96,22434.94,62644.4838
2298,002460.SZ,20110607,26.6,27.7,26.4,27.28,26.75,0.53,1.98,13530.84,36938.5162
2299,002460.SZ,20110603,26.3,27.15,26.15,26.75,26.9,-0.15,-0.56,12467.31,33207.9735
2300,002460.SZ,20110602,26.6,27.46,26.06,26.9,26.81,0.09,0.34,24261.12,65292.7816
2301,002460.SZ,20110601,24.14,26.81,24.14,26.81,24.37,2.44,10.01,22607.77,59057.8084
2302,002460.SZ,20110531,23.9,24.4,23.6,24.37,23.95,0.42,1.75,6344.89,15232.547
2303,002460.SZ,20110530,24.89,24.89,23.86,23.95,25.4,-1.45,-5.71,12231.45,29588.5466
2304,002460.SZ,20110527,28.0,28.0,25.35,25.4,28.17,-2.77,-9.83,11842.84,30660.4819
2305,002460.SZ,20110526,43.8,44.38,42.5,42.66,43.69,-1.03,-2.36,6356.16,27344.3225
2306,002460.SZ,20110525,44.93,44.95,43.2,43.69,44.86,-1.17,-2.61,8093.19,35640.1142
2307,002460.SZ,20110524,42.2,45.5,42.02,44.86,42.55,2.31,5.43,15780.75,69384.4917
2308,002460.SZ,20110523,41.48,42.95,41.48,42.55,41.35,1.2,2.9,9094.02,38501.3979
2309,002460.SZ,20110520,41.61,41.9,41.21,41.35,41.81,-0.46,-1.1,1601.73,6649.2054
2310,002460.SZ,20110519,41.52,42.18,41.52,41.81,41.56,0.25,0.6,2187.03,9168.261
2311,002460.SZ,20110518,41.4,41.8,41.2,41.56,41.54,0.02,0.05,1559.89,6485.6996
2312,002460.SZ,20110517,40.73,42.0,40.3,41.54,40.79,0.75,1.84,3577.98,14742.8954
2313,002460.SZ,20110516,40.8,41.35,40.71,40.79,41.2,-0.41,-1.0,2007.8,8220.6243
2314,002460.SZ,20110513,41.06,41.75,40.7,41.2,41.04,0.16,0.39,1768.01,7245.5952
2315,002460.SZ,20110512,42.18,42.18,41.02,41.04,42.18,-1.14,-2.7,2308.51,9591.2158
2316,002460.SZ,20110511,42.35,42.5,42.09,42.18,42.08,0.1,0.24,2456.4,10396.3426
2317,002460.SZ,20110509,41.69,42.7,41.6,42.08,41.55,0.53,1.28,2074.3,8740.6214
2318,002460.SZ,20110506,41.26,41.97,40.51,41.55,41.62,-0.07,-0.17,2720.49,11183.3844
2319,002460.SZ,20110505,41.18,41.98,41.18,41.62,41.31,0.31,0.75,1652.8,6889.453
2320,002460.SZ,20110504,42.5,42.5,41.2,41.31,42.24,-0.93,-2.2,2583.63,10787.8108
2321,002460.SZ,20110503,42.0,42.25,41.8,42.24,41.79,0.45,1.08,1889.79,7948.5998
2322,002460.SZ,20110429,40.83,41.8,40.83,41.79,40.83,0.96,2.35,2211.39,9178.2202
2323,002460.SZ,20110428,42.3,42.75,40.6,40.83,42.32,-1.49,-3.52,3533.35,14717.9736
2324,002460.SZ,20110427,43.99,44.28,42.3,42.32,43.98,-1.66,-3.77,3477.67,14988.3286
2325,002460.SZ,20110426,43.52,44.5,43.49,43.98,43.5,0.48,1.1,3203.68,14094.0138
2326,002460.SZ,20110425,45.0,45.53,43.48,43.5,45.24,-1.74,-3.85,4376.89,19363.273
2327,002460.SZ,20110422,45.53,45.8,45.01,45.24,45.34,-0.1,-0.22,2997.04,13612.565
2328,002460.SZ,20110421,45.15,45.55,45.15,45.34,45.17,0.17,0.38,2687.86,12190.6747
2329,002460.SZ,20110420,44.91,45.38,44.9,45.17,44.9,0.27,0.6,2672.9,12058.466
2330,002460.SZ,20110419,46.36,46.36,44.8,44.9,46.36,-1.46,-3.15,6249.69,28204.8234
2331,002460.SZ,20110418,45.45,46.36,45.44,46.36,45.44,0.92,2.02,5639.98,26000.7283
2332,002460.SZ,20110415,45.6,45.92,45.3,45.44,45.72,-0.28,-0.61,3914.7,17818.3397
2333,002460.SZ,20110414,46.27,46.29,45.48,45.72,46.21,-0.49,-1.06,5449.1,24899.822
2334,002460.SZ,20110413,46.25,46.29,45.4,46.21,46.44,-0.23,-0.5,4268.33,19558.4499
2335,002460.SZ,20110412,46.44,46.9,46.1,46.44,46.58,-0.14,-0.3,5201.82,24169.5603
2336,002460.SZ,20110411,48.07,48.48,46.51,46.58,48.08,-1.5,-3.12,7383.41,35292.4976
2337,002460.SZ,20110408,48.3,48.4,47.6,48.08,48.39,-0.31,-0.64,7286.79,34952.835
2338,002460.SZ,20110407,46.99,49.0,46.35,48.39,46.53,1.86,4.0,12581.23,60138.3847
2339,002460.SZ,20110406,45.8,47.3,45.43,46.53,45.85,0.68,1.48,6104.08,28470.7017
2340,002460.SZ,20110401,46.05,46.39,45.48,45.85,46.05,-0.2,-0.43,4677.28,21382.0629
2341,002460.SZ,20110331,46.36,47.49,45.87,46.05,46.36,-0.31,-0.67,4676.45,21861.9224
2342,002460.SZ,20110330,47.45,47.8,45.3,46.36,47.3,-0.94,-1.99,9534.19,43893.3594
2343,002460.SZ,20110329,49.3,49.76,47.0,47.3,49.27,-1.97,-4.0,7513.1,36167.3438
2344,002460.SZ,20110328,48.21,49.87,48.16,49.27,48.21,1.06,2.2,11146.22,54869.5443
2345,002460.SZ,20110325,48.13,48.57,47.3,48.21,48.12,0.09,0.19,6751.77,32367.6544
2346,002460.SZ,20110324,48.25,48.88,48.0,48.12,48.25,-0.13,-0.27,3870.62,18746.6223
2347,002460.SZ,20110323,47.0,48.5,47.0,48.25,47.05,1.2,2.55,5638.05,27082.0576
2348,002460.SZ,20110322,47.45,47.6,46.72,47.05,47.43,-0.38,-0.8,3519.87,16542.4582
2349,002460.SZ,20110321,47.1,47.76,47.01,47.43,47.45,-0.02,-0.04,3150.78,14932.8954
2350,002460.SZ,20110318,47.19,48.11,47.18,47.45,47.18,0.27,0.57,3879.46,18514.0533
2351,002460.SZ,20110317,48.68,48.68,46.91,47.18,49.05,-1.87,-3.81,7915.53,37834.553
2352,002460.SZ,20110316,48.45,49.56,47.85,49.05,48.46,0.59,1.22,10072.16,49248.5886
2353,002460.SZ,20110315,49.15,49.53,46.8,48.46,49.07,-0.61,-1.24,11246.22,53899.5295
2354,002460.SZ,20110314,49.52,49.52,48.51,49.07,48.91,0.16,0.33,5639.68,27597.3436
2355,002460.SZ,20110311,48.96,49.9,48.7,48.91,48.97,-0.06,-0.12,7237.12,35667.4887
2356,002460.SZ,20110310,50.73,50.73,48.53,48.97,50.73,-1.76,-3.47,10522.41,51985.367
2357,002460.SZ,20110309,51.59,51.86,50.62,50.73,51.59,-0.86,-1.67,9862.21,50289.6747
2358,002460.SZ,20110308,50.83,52.43,50.83,51.59,50.8,0.79,1.56,13791.97,71405.111
2359,002460.SZ,20110307,49.75,51.2,49.75,50.8,49.71,1.09,2.19,11312.49,57177.1403
2360,002460.SZ,20110304,49.5,49.88,48.5,49.71,49.77,-0.06,-0.12,8258.88,40575.9831
2361,002460.SZ,20110303,50.44,52.5,49.61,49.77,50.29,-0.52,-1.03,15993.71,81630.5962
2362,002460.SZ,20110302,50.49,50.86,49.5,50.29,50.86,-0.57,-1.12,12255.47,61369.5079
2363,002460.SZ,20110301,48.99,53.0,48.99,50.86,48.76,2.1,4.31,31887.71,164055.0585
2364,002460.SZ,20110228,46.99,48.78,46.99,48.76,46.79,1.97,4.21,15331.83,74071.6928
2365,002460.SZ,20110225,46.53,46.93,46.01,46.79,46.52,0.27,0.58,5361.32,24994.9016
2366,002460.SZ,20110224,45.7,46.88,45.33,46.52,45.69,0.83,1.82,6954.32,32260.3995
2367,002460.SZ,20110223,45.0,46.1,44.76,45.69,45.5,0.19,0.42,5694.59,26019.2842
2368,002460.SZ,20110222,48.01,48.47,45.0,45.5,47.93,-2.43,-5.07,11265.45,53007.7321
2369,002460.SZ,20110221,47.04,48.39,46.2,47.93,47.75,0.18,0.38,9159.22,43834.9211
2370,002460.SZ,20110218,49.0,49.5,47.28,47.75,49.36,-1.61,-3.26,15452.59,74655.8654
2371,002460.SZ,20110217,46.6,50.8,46.03,49.36,46.41,2.95,6.36,28186.62,136368.3617
2372,002460.SZ,20110216,45.7,46.79,45.15,46.41,45.88,0.53,1.16,8706.3,40182.9374
2373,002460.SZ,20110215,44.94,47.18,44.56,45.88,44.93,0.95,2.11,12862.98,59228.6335
2374,002460.SZ,20110214,44.0,45.37,43.65,44.93,43.94,0.99,2.25,8764.1,39091.2467
2375,002460.SZ,20110211,43.6,44.67,43.6,43.94,43.46,0.48,1.1,5801.87,25593.5001
2376,002460.SZ,20110210,42.12,43.46,42.12,43.46,42.45,1.01,2.38,6416.39,27512.7788
2377,002460.SZ,20110209,43.3,43.5,42.38,42.45,43.6,-1.15,-2.64,4554.02,19512.7361
2378,002460.SZ,20110201,42.72,43.99,42.72,43.6,42.71,0.89,2.08,5305.38,23105.8728
2379,002460.SZ,20110131,42.1,43.0,41.76,42.71,42.17,0.54,1.28,4019.18,17040.5973
2380,002460.SZ,20110128,42.0,42.4,41.7,42.17,42.0,0.17,0.4,2873.08,12074.3338
2381,002460.SZ,20110127,41.28,42.6,40.77,42.0,41.3,0.7,1.69,4535.52,19067.2546
2382,002460.SZ,20110126,40.82,41.5,40.54,41.3,40.72,0.58,1.42,2593.36,10700.1705
2383,002460.SZ,20110125,42.8,42.85,40.3,40.72,42.81,-2.09,-4.88,4978.09,20380.0064
2384,002460.SZ,20110124,45.0,45.01,42.71,42.81,44.58,-1.77,-3.97,4082.51,17748.8311
2385,002460.SZ,20110121,43.89,44.86,43.7,44.58,44.0,0.58,1.32,4187.67,18552.9038
2386,002460.SZ,20110120,45.75,45.75,44.0,44.0,45.75,-1.75,-3.83,6400.41,28524.0561
2387,002460.SZ,20110119,45.0,45.99,44.28,45.75,44.71,1.04,2.33,5670.93,25677.7714
2388,002460.SZ,20110118,44.45,44.91,44.09,44.71,44.45,0.26,0.58,3197.43,14252.1116
2389,002460.SZ,20110117,46.5,46.5,44.45,44.45,47.03,-2.58,-5.49,8071.42,36472.7826
2390,002460.SZ,20110114,48.9,48.9,47.0,47.03,49.09,-2.06,-4.2,7983.86,37798.1317
2391,002460.SZ,20110113,49.35,50.5,49.08,49.09,49.33,-0.24,-0.49,5407.73,26900.5713
2392,002460.SZ,20110112,50.34,50.75,48.99,49.33,50.45,-1.12,-2.22,6136.89,30362.2386
2393,002460.SZ,20110111,49.34,51.59,48.68,50.45,49.79,0.66,1.33,11239.05,56856.9005
2394,002460.SZ,20110110,50.8,51.7,49.68,49.79,51.92,-2.13,-4.1,11751.14,59626.8823
2395,002460.SZ,20110107,48.05,52.71,47.35,51.92,48.0,3.92,8.17,25652.78,131875.0396
2396,002460.SZ,20110106,48.79,48.97,48.0,48.0,48.86,-0.86,-1.76,5160.61,25021.7305
2397,002460.SZ,20110105,49.31,49.38,48.6,48.86,49.3,-0.44,-0.89,6450.45,31517.72
2398,002460.SZ,20110104,49.2,49.95,48.65,49.3,49.0,0.3,0.61,7406.92,36458.6993
2399,002460.SZ,20101231,47.65,49.5,47.28,49.0,47.25,1.75,3.7,9273.07,45056.4073
2400,002460.SZ,20101230,47.3,47.5,46.88,47.25,47.32,-0.07,-0.15,4525.93,21356.7087
2401,002460.SZ,20101229,46.58,47.8,46.58,47.32,46.9,0.42,0.9,3960.13,18652.8165
2402,002460.SZ,20101228,48.99,49.0,46.5,46.9,49.1,-2.2,-4.48,8329.27,39444.3772
2403,002460.SZ,20101227,50.72,51.8,49.02,49.1,50.92,-1.82,-3.57,7054.71,35661.445
2404,002460.SZ,20101224,51.8,51.8,50.58,50.92,51.98,-1.06,-2.04,6184.27,31531.3529
2405,002460.SZ,20101223,53.5,53.5,51.25,51.98,53.31,-1.33,-2.49,9647.26,50451.2335
2406,002460.SZ,20101222,53.98,54.35,53.3,53.31,53.77,-0.46,-0.86,12252.98,66005.0384
2407,002460.SZ,20101221,53.66,54.11,53.01,53.77,53.67,0.1,0.19,14683.85,78846.9428
2408,002460.SZ,20101220,52.9,54.09,51.71,53.67,52.83,0.84,1.59,16673.39,88924.7321
2409,002460.SZ,20101217,52.59,53.15,52.48,52.83,52.7,0.13,0.25,6303.38,33303.4472
2410,002460.SZ,20101216,53.2,53.2,52.63,52.7,53.36,-0.66,-1.24,9075.44,47982.8142
2411,002460.SZ,20101215,53.27,54.31,53.01,53.36,53.3,0.06,0.11,15573.18,83669.0542
2412,002460.SZ,20101214,53.0,53.83,52.6,53.3,52.79,0.51,0.97,13966.27,74439.331
2413,002460.SZ,20101213,51.38,52.97,51.38,52.79,51.46,1.33,2.58,13518.54,70652.3237
2414,002460.SZ,20101210,51.62,51.88,50.5,51.46,51.62,-0.16,-0.31,8055.88,41182.3542
2415,002460.SZ,20101209,51.2,52.08,50.62,51.62,51.27,0.35,0.68,7854.89,40443.6415
2416,002460.SZ,20101208,51.56,52.49,51.0,51.27,51.8,-0.53,-1.02,8838.36,45645.8495
2417,002460.SZ,20101207,52.22,52.57,50.29,51.8,52.4,-0.6,-1.15,11994.83,61447.9911
2418,002460.SZ,20101206,53.46,53.84,52.01,52.4,53.4,-1.0,-1.87,7967.75,42032.7645
2419,002460.SZ,20101202,53.12,53.99,52.83,53.4,52.74,0.66,1.25,10748.49,57565.2596
2420,002460.SZ,20101201,52.57,53.28,52.3,52.74,52.91,-0.17,-0.32,5638.86,29704.3965
2421,002460.SZ,20101130,54.4,54.73,52.02,52.91,54.61,-1.7,-3.11,14348.15,76334.2757
2422,002460.SZ,20101129,53.77,54.79,53.66,54.61,53.65,0.96,1.79,15488.79,84363.2149
2423,002460.SZ,20101126,54.48,54.48,53.44,53.65,54.33,-0.68,-1.25,9259.0,49820.4152
2424,002460.SZ,20101125,54.21,54.98,53.02,54.33,54.0,0.33,0.61,14400.62,77819.4233
2425,002460.SZ,20101124,52.29,54.0,52.0,54.0,52.43,1.57,2.99,13005.92,69475.3993
2426,002460.SZ,20101123,54.36,54.36,52.0,52.43,54.38,-1.95,-3.59,12749.36,67265.2739
2427,002460.SZ,20101122,53.39,55.27,53.02,54.38,53.9,0.48,0.89,15766.77,85824.276
2428,002460.SZ,20101119,52.99,53.92,52.08,53.9,52.55,1.35,2.57,16679.95,88119.1683
2429,002460.SZ,20101118,52.2,52.85,51.9,52.55,51.9,0.65,1.25,9070.94,47557.9542
2430,002460.SZ,20101117,53.9,53.99,51.86,51.9,54.23,-2.33,-4.3,15856.71,83626.9083
2431,002460.SZ,20101116,55.1,56.8,53.51,54.23,55.77,-1.54,-2.76,19361.1,107493.5428
2432,002460.SZ,20101115,54.8,55.9,54.51,55.77,54.9,0.87,1.58,17859.08,98744.0822
2433,002460.SZ,20101112,59.51,59.6,54.86,54.9,59.99,-5.09,-8.48,38145.82,216856.8834
2434,002460.SZ,20101111,60.65,61.8,59.9,59.99,60.66,-0.67,-1.1,35379.45,216593.6218
2435,002460.SZ,20101110,60.75,60.75,59.8,60.66,60.94,-0.28,-0.46,29094.1,175283.4777
2436,002460.SZ,20101109,60.06,61.07,59.31,60.94,60.18,0.76,1.26,20696.91,125095.8827
2437,002460.SZ,20101108,59.66,60.6,58.7,60.18,59.76,0.42,0.7,17330.53,103404.0614
2438,002460.SZ,20101105,60.4,60.98,59.71,59.76,59.99,-0.23,-0.38,17809.17,107385.4314
2439,002460.SZ,20101104,59.91,60.8,58.6,59.99,59.9,0.09,0.15,16142.84,96308.2295
2440,002460.SZ,20101103,62.5,62.5,59.7,59.9,62.51,-2.61,-4.18,19080.25,115780.9922
2441,002460.SZ,20101102,62.7,64.85,61.3,62.51,62.67,-0.16,-0.26,31464.17,198060.3105
2442,002460.SZ,20101101,60.0,64.39,60.0,62.67,59.95,2.72,4.54,29263.93,183334.3525
2443,002460.SZ,20101029,59.61,60.58,59.48,59.95,59.52,0.43,0.72,11949.49,71665.1258
2444,002460.SZ,20101028,60.0,61.16,59.35,59.52,60.33,-0.81,-1.34,14697.62,88293.5855
2445,002460.SZ,20101027,62.69,62.69,60.0,60.33,62.9,-2.57,-4.09,26107.24,159400.353
2446,002460.SZ,20101026,61.02,63.95,60.06,62.9,60.96,1.94,3.18,33104.3,207292.5334
2447,002460.SZ,20101025,59.58,61.4,59.01,60.96,59.6,1.36,2.28,27173.25,165214.1485
2448,002460.SZ,20101022,59.31,60.72,58.7,59.6,59.25,0.35,0.59,19874.13,118664.3318
2449,002460.SZ,20101021,59.5,60.48,58.67,59.25,60.15,-0.9,-1.5,19796.22,117529.9198
2450,002460.SZ,20101020,56.22,61.0,56.2,60.15,57.91,2.24,3.87,32258.78,192659.1174
2451,002460.SZ,20101019,56.82,58.45,56.4,57.91,56.05,1.86,3.32,15202.92,87677.7161
2452,002460.SZ,20101018,58.98,58.98,55.9,56.05,59.03,-2.98,-5.05,20719.27,117838.512
2453,002460.SZ,20101015,56.3,60.5,56.26,59.03,56.3,2.73,4.85,30811.4,182072.6808
2454,002460.SZ,20101014,58.5,59.09,55.88,56.3,58.56,-2.26,-3.86,19249.68,110490.6821
2455,002460.SZ,20101013,59.49,59.84,56.62,58.56,59.25,-0.69,-1.16,24661.99,143867.4866
2456,002460.SZ,20101012,58.6,59.48,57.96,59.25,58.9,0.35,0.59,20448.49,120677.739
2457,002460.SZ,20101011,59.9,61.01,58.51,58.9,60.03,-1.13,-1.88,23903.71,142152.6914
2458,002460.SZ,20101008,60.31,61.0,59.0,60.03,58.53,1.5,2.56,20066.64,120984.8113
2459,002460.SZ,20100930,57.9,59.8,56.71,58.53,58.31,0.22,0.38,14105.82,82331.7406
2460,002460.SZ,20100929,56.56,62.2,56.56,58.31,57.94,0.37,0.64,27577.91,163332.7367
2461,002460.SZ,20100927,54.5,58.8,54.5,57.94,54.51,3.43,6.29,20803.17,118202.2348
2462,002460.SZ,20100921,56.05,56.75,54.51,54.51,56.53,-2.02,-3.57,14076.22,77890.9205
2463,002460.SZ,20100920,57.94,58.28,55.32,56.53,57.85,-1.32,-2.28,14944.39,84790.5927
2464,002460.SZ,20100917,60.64,60.7,57.6,57.85,60.21,-2.36,-3.92,15522.8,90604.9488
2465,002460.SZ,20100916,58.71,61.54,58.65,60.21,59.7,0.51,0.85,16729.25,100602.941
2466,002460.SZ,20100915,62.8,62.8,59.41,59.7,63.23,-3.53,-5.58,24122.82,146670.924
2467,002460.SZ,20100914,63.6,65.14,62.89,63.23,64.09,-0.86,-1.34,24656.4,157806.1281
2468,002460.SZ,20100913,62.0,64.68,57.5,64.09,62.32,1.77,2.84,36694.81,224905.5397
2469,002460.SZ,20100910,64.2,64.2,62.2,62.32,64.5,-2.18,-3.38,32054.69,201462.4587
2470,002460.SZ,20100909,66.04,66.41,64.5,64.5,65.76,-1.26,-1.92,30407.44,198286.3018
2471,002460.SZ,20100908,64.8,66.58,62.01,65.76,65.3,0.46,0.7,40259.84,260576.7766
2472,002460.SZ,20100907,64.4,66.99,63.68,65.3,65.6,-0.3,-0.46,35178.34,231334.1892
2473,002460.SZ,20100906,73.0,73.0,64.51,65.6,71.21,-5.61,-7.88,80168.32,542115.914
2474,002460.SZ,20100903,65.59,71.21,64.77,71.21,64.74,6.47,9.99,99802.84,700281.9813
2475,002460.SZ,20100901,67.75,69.5,63.33,64.74,68.35,-3.61,-5.28,59602.25,395387.8304
2476,002460.SZ,20100831,67.2,70.5,67.1,68.35,69.25,-0.9,-1.3,58384.09,400369.3571
2477,002460.SZ,20100830,67.7,70.89,66.89,69.25,68.08,1.17,1.72,63756.27,440289.2687
2478,002460.SZ,20100827,62.65,69.19,62.55,68.08,62.9,5.18,8.24,62506.56,413028.9807
2479,002460.SZ,20100826,64.5,65.0,61.88,62.9,64.28,-1.38,-2.15,39364.85,248093.31
2480,002460.SZ,20100825,64.46,66.48,63.9,64.28,65.02,-0.74,-1.14,40377.07,262674.4196
2481,002460.SZ,20100824,67.06,68.96,63.82,65.02,67.64,-2.62,-3.87,51213.87,336870.4963
2482,002460.SZ,20100823,68.0,70.97,66.67,67.64,69.0,-1.36,-1.97,55666.85,379404.7434
2483,002460.SZ,20100820,65.0,71.37,65.0,69.0,66.2,2.8,4.23,73824.58,503992.6649
2484,002460.SZ,20100819,63.92,68.03,63.1,66.2,64.75,1.45,2.24,68315.12,449864.0945
2485,002460.SZ,20100818,64.04,69.53,62.03,64.75,63.83,0.92,1.44,106701.33,695880.9316
2486,002460.SZ,20100817,57.1,63.83,57.1,63.83,58.03,5.8,9.99,94720.45,577446.8758
2487,002460.SZ,20100816,56.0,59.18,55.01,58.03,57.25,0.78,1.36,55561.45,318264.4721
2488,002460.SZ,20100813,56.29,57.88,54.0,57.25,57.4,-0.15,-0.26,60085.13,335168.6256
2489,002460.SZ,20100812,60.0,62.97,56.18,57.4,62.3,-4.9,-7.87,93801.58,561242.5473
2490,002460.SZ,20100811,55.0,63.48,53.51,62.3,59.2,3.1,5.24,141186.82,835869.011
2491,002460.SZ,20100810,60.9,63.33,58.08,59.2,20.7,38.5,185.99,170525.45,1026890.635
