,ts_code,trade_date,open,high,low,close,pre_close,change,pct_chg,vol,amount
0,600893.SH,20210324,46.87,47.77,44.07,44.55,47.38,-2.83,-5.973,445174.27,2010958.707
1,600893.SH,20210323,47.65,48.74,47.28,47.38,47.93,-0.55,-1.1475,231668.34,1106605.13
2,600893.SH,20210322,48.0,48.76,47.09,47.93,48.62,-0.69,-1.4192,255838.15,1223768.048
3,600893.SH,20210319,47.0,49.95,46.57,48.62,48.1,0.52,1.0811,464101.19,2252865.233
4,600893.SH,20210318,47.23,49.2,47.0,48.1,47.31,0.79,1.6698,339299.13,1633941.839
5,600893.SH,20210317,46.73,47.8,46.49,47.31,46.48,0.83,1.7857,273629.24,1291616.357
6,600893.SH,20210316,47.95,48.0,46.06,46.48,47.16,-0.68,-1.4419,236708.78,1106192.406
7,600893.SH,20210315,48.0,49.15,46.6,47.16,48.21,-1.05,-2.178,306487.8,1466538.0
8,600893.SH,20210312,49.5,49.55,47.28,48.21,49.35,-1.14,-2.31,348311.8,1679267.677
9,600893.SH,20210311,48.15,50.17,47.58,49.35,48.48,0.87,1.7946,379753.79,1868499.156
10,600893.SH,20210310,49.0,49.3,48.0,48.48,48.25,0.23,0.4767,368012.4,1788132.479
11,600893.SH,20210309,51.03,51.79,48.01,48.25,53.34,-5.09,-9.5426,739441.52,3639337.057
12,600893.SH,20210308,58.37,59.59,53.34,53.34,59.27,-5.93,-10.0051,759749.95,4214697.132
13,600893.SH,20210305,62.92,62.95,59.0,59.27,64.78,-5.51,-8.5057,596075.41,3613482.926
14,600893.SH,20210304,65.2,68.68,64.25,64.78,65.85,-1.07,-1.6249,589317.96,3912200.096
15,600893.SH,20210303,64.5,66.7,64.2,65.85,66.08,-0.23,-0.3481,462742.4,3026796.336
16,600893.SH,20210302,63.37,66.89,61.91,66.08,62.85,3.23,5.1392,669471.46,4295520.084
17,600893.SH,20210301,60.59,62.87,58.71,62.85,60.18,2.67,4.4367,397602.34,2425259.912
18,600893.SH,20210226,62.23,64.5,59.3,60.18,64.23,-4.05,-6.3055,532651.38,3273211.107
19,600893.SH,20210225,61.72,65.44,60.3,64.23,61.74,2.49,4.033,640578.73,4066641.244
20,600893.SH,20210224,61.5,62.58,59.4,61.74,60.36,1.38,2.2863,513514.3,3143448.883
21,600893.SH,20210223,56.8,61.78,56.11,60.36,58.06,2.3,3.9614,537766.39,3216650.177
22,600893.SH,20210222,63.33,63.33,57.5,58.06,63.38,-5.32,-8.3938,600469.25,3638767.613
23,600893.SH,20210219,62.54,64.28,61.76,63.38,63.13,0.25,0.396,336692.13,2120739.371
24,600893.SH,20210218,65.75,66.7,62.78,63.13,64.91,-1.78,-2.7423,587227.89,3768127.918
25,600893.SH,20210210,64.99,65.19,61.6,64.91,63.42,1.49,2.3494,626371.5,4003140.261
26,600893.SH,20210209,57.88,63.42,57.75,63.42,57.65,5.77,10.0087,552194.93,3373276.298
27,600893.SH,20210208,56.5,58.0,55.69,57.65,55.89,1.76,3.149,371461.18,2125433.386
28,600893.SH,20210205,58.59,59.37,55.88,55.89,57.33,-1.44,-2.5118,346764.31,1994588.462
29,600893.SH,20210204,57.19,59.56,56.89,57.33,58.59,-1.26,-2.1505,365952.87,2116817.615
30,600893.SH,20210203,61.0,61.38,58.01,58.59,60.99,-2.4,-3.9351,429445.89,2552619.216
31,600893.SH,20210202,59.9,61.6,58.0,60.99,59.8,1.19,1.99,548879.15,3300003.814
32,600893.SH,20210201,60.19,60.89,58.98,59.8,59.59,0.21,0.3524,375646.1,2251755.319
33,600893.SH,20210129,63.0,63.1,57.25,59.59,62.2,-2.61,-4.1961,681519.66,4090702.368
34,600893.SH,20210128,63.65,65.06,61.4,62.2,65.18,-2.98,-4.572,611410.15,3858704.284
35,600893.SH,20210127,65.5,66.47,63.21,65.18,67.19,-2.01,-2.9915,730760.74,4736238.349
36,600893.SH,20210126,73.1,73.5,67.19,67.19,74.65,-7.46,-9.9933,1029234.74,7119583.967
37,600893.SH,20210125,76.8,80.01,72.93,74.65,75.47,-0.82,-1.0865,902984.91,6937328.466
38,600893.SH,20210122,72.7,75.91,72.33,75.47,73.08,2.39,3.2704,636216.95,4741221.51
39,600893.SH,20210121,69.89,75.24,69.25,73.08,70.9,2.18,3.0748,708000.81,5137080.955
40,600893.SH,20210120,66.56,71.5,65.3,70.9,66.8,4.1,6.1377,766313.6,5277414.415
41,600893.SH,20210119,66.7,69.54,64.9,66.8,68.02,-1.22,-1.7936,593917.02,3965627.995
42,600893.SH,20210118,66.84,68.82,66.45,68.02,66.9,1.12,1.6741,578842.13,3927224.92
43,600893.SH,20210115,68.71,70.15,63.7,66.9,70.11,-3.21,-4.5785,991612.11,6618109.504
44,600893.SH,20210114,75.5,76.13,70.11,70.11,77.9,-7.79,-10.0,1033679.55,7425849.443
45,600893.SH,20210113,76.0,80.76,73.11,77.9,74.8,3.1,4.1444,884965.42,6831555.357
46,600893.SH,20210112,69.62,75.88,69.62,74.8,69.55,5.25,7.5485,825764.64,6037890.235
47,600893.SH,20210111,76.8,77.8,68.69,69.55,74.22,-4.67,-6.2921,941805.52,6943593.195
48,600893.SH,20210108,75.0,76.53,70.84,74.22,75.34,-1.12,-1.4866,770365.84,5644379.877
49,600893.SH,20210107,68.52,75.35,67.67,75.34,68.5,6.84,9.9854,832658.13,6050978.523
50,600893.SH,20210106,66.75,71.9,65.65,68.5,67.3,1.2,1.7831,652972.25,4516858.479
51,600893.SH,20210105,65.3,69.98,64.0,67.3,65.29,2.01,3.0786,712342.39,4749540.856
52,600893.SH,20210104,60.7,65.29,59.88,65.29,59.35,5.94,10.0084,666837.27,4212636.059
53,600893.SH,20201231,54.72,59.73,54.22,59.35,54.3,5.05,9.3002,644213.12,3682400.475
54,600893.SH,20201230,50.61,55.65,50.48,54.3,51.32,2.98,5.8067,492163.17,2627389.605
55,600893.SH,20201229,52.75,53.45,51.03,51.32,53.0,-1.68,-3.1698,336444.21,1750826.905
56,600893.SH,20201228,52.1,53.67,51.16,53.0,51.93,1.07,2.0605,394300.43,2065348.347
57,600893.SH,20201225,50.99,52.5,49.15,51.93,50.45,1.48,2.9336,372063.53,1895434.866
58,600893.SH,20201224,51.0,53.27,50.11,50.45,50.47,-0.02,-0.0396,686410.97,3538824.562
59,600893.SH,20201223,46.38,50.47,46.09,50.47,45.88,4.59,10.0044,600619.38,2916942.493
60,600893.SH,20201222,46.49,47.54,45.74,45.88,46.73,-0.85,-1.819,362223.29,1689586.161
61,600893.SH,20201221,43.4,47.3,43.4,46.73,43.77,2.96,6.7626,431260.91,1970358.683
62,600893.SH,20201218,44.34,45.13,43.69,43.77,44.02,-0.25,-0.5679,253248.86,1123717.99
63,600893.SH,20201217,45.8,45.88,42.88,44.02,45.85,-1.83,-3.9913,434161.48,1907839.442
64,600893.SH,20201216,45.34,46.58,44.95,45.85,45.57,0.28,0.6144,213633.49,977670.501
65,600893.SH,20201215,45.49,46.87,44.9,45.57,45.75,-0.18,-0.3934,251265.95,1150397.643
66,600893.SH,20201214,44.43,46.3,43.81,45.75,44.15,1.6,3.624,317666.96,1446948.592
67,600893.SH,20201211,45.28,45.48,43.52,44.15,45.05,-0.9,-1.9978,305661.04,1349277.838
68,600893.SH,20201210,44.5,45.69,44.11,45.05,44.9,0.15,0.3341,263323.31,1185456.209
69,600893.SH,20201209,46.9,47.29,44.8,44.9,46.99,-2.09,-4.4478,328879.03,1514069.752
70,600893.SH,20201208,47.44,48.27,46.33,46.99,47.7,-0.71,-1.4885,261071.33,1232658.452
71,600893.SH,20201207,47.9,49.31,47.7,47.7,48.0,-0.3,-0.625,308772.69,1494844.272
72,600893.SH,20201204,46.35,48.33,45.37,48.0,46.3,1.7,3.6717,341226.42,1602761.764
73,600893.SH,20201203,46.9,47.5,45.8,46.3,47.42,-1.12,-2.3619,283507.42,1317901.035
74,600893.SH,20201202,47.34,48.78,47.0,47.42,48.0,-0.58,-1.2083,303958.89,1452472.429
75,600893.SH,20201201,45.77,48.79,45.34,48.0,45.32,2.68,5.9135,411937.35,1945876.847
76,600893.SH,20201130,44.8,46.43,44.2,45.32,45.0,0.32,0.7111,366821.03,1661600.858
77,600893.SH,20201127,42.96,46.43,42.23,45.0,42.91,2.09,4.8707,506552.19,2255051.313
78,600893.SH,20201126,41.61,43.88,41.16,42.91,41.58,1.33,3.1987,361459.09,1534867.981
79,600893.SH,20201125,43.0,43.77,41.3,41.58,43.46,-1.88,-4.3258,360139.63,1525480.026
80,600893.SH,20201124,42.28,44.6,42.23,43.46,42.28,1.18,2.7909,382136.23,1661954.739
81,600893.SH,20201123,42.75,43.15,41.07,42.28,41.94,0.34,0.8107,447704.42,1898467.934
82,600893.SH,20201120,41.0,42.95,41.0,41.94,41.0,0.94,2.2927,559150.29,2350506.809
83,600893.SH,20201119,38.21,41.67,37.91,41.0,38.05,2.95,7.753,553585.15,2216361.873
84,600893.SH,20201118,36.8,38.65,36.5,38.05,36.66,1.39,3.7916,220203.1,830082.581
85,600893.SH,20201117,38.67,38.75,36.4,36.66,38.69,-2.03,-5.2468,248977.6,925164.572
86,600893.SH,20201116,38.34,39.1,38.06,38.69,38.34,0.35,0.9129,187305.83,722809.636
87,600893.SH,20201113,36.32,38.47,36.1,38.34,36.41,1.93,5.3007,261645.37,987272.893
88,600893.SH,20201112,36.23,36.92,35.88,36.41,36.42,-0.01,-0.0275,101088.85,367941.893
89,600893.SH,20201111,37.29,38.07,36.15,36.42,36.98,-0.56,-1.5143,185377.88,686796.426
90,600893.SH,20201110,38.0,38.11,36.8,36.98,38.22,-1.24,-3.2444,176875.51,661842.656
91,600893.SH,20201109,37.7,38.26,36.6,38.22,37.77,0.45,1.1914,321253.74,1206218.739
92,600893.SH,20201106,38.35,38.61,37.5,37.77,38.52,-0.75,-1.947,139224.51,527764.283
93,600893.SH,20201105,38.7,39.15,36.91,38.52,38.93,-0.41,-1.0532,277481.23,1054809.605
94,600893.SH,20201104,38.35,39.25,37.84,38.93,38.4,0.53,1.3802,269209.38,1043234.507
95,600893.SH,20201103,36.15,38.57,35.73,38.4,35.93,2.47,6.8745,349095.47,1315074.114
96,600893.SH,20201102,36.9,37.05,34.5,35.93,36.54,-0.61,-1.6694,312532.92,1108849.556
97,600893.SH,20201030,38.2,39.1,36.36,36.54,36.45,0.09,0.2469,355644.34,1342283.989
98,600893.SH,20201029,35.5,36.65,35.11,36.45,36.06,0.39,1.0815,122852.07,442920.559
99,600893.SH,20201028,36.45,36.45,35.33,36.06,36.46,-0.4,-1.0971,128807.6,461355.716
100,600893.SH,20201027,36.13,36.75,35.8,36.46,36.05,0.41,1.1373,131528.23,477496.911
101,600893.SH,20201026,35.81,36.6,35.36,36.05,35.84,0.21,0.5859,88571.05,318750.638
102,600893.SH,20201023,37.02,37.6,35.55,35.84,36.83,-0.99,-2.688,173441.72,633470.501
103,600893.SH,20201022,36.82,37.24,36.08,36.83,37.05,-0.22,-0.5938,143905.72,528455.718
104,600893.SH,20201021,39.71,39.79,36.9,37.05,39.7,-2.65,-6.6751,258339.34,979503.588
105,600893.SH,20201020,39.6,39.78,38.35,39.7,39.5,0.2,0.5063,173416.1,676967.644
106,600893.SH,20201019,39.99,40.34,39.35,39.5,39.87,-0.37,-0.928,147135.76,586062.258
107,600893.SH,20201016,41.2,41.65,39.67,39.87,41.33,-1.46,-3.5325,203231.77,821058.791
108,600893.SH,20201015,42.0,42.63,41.33,41.33,42.2,-0.87,-2.0616,141708.69,593841.439
109,600893.SH,20201014,43.01,44.38,41.87,42.2,43.1,-0.9,-2.0882,215097.92,921935.447
110,600893.SH,20201013,43.0,43.48,42.35,43.1,43.46,-0.36,-0.8283,188857.96,810440.856
111,600893.SH,20201012,42.52,43.8,41.61,43.46,41.76,1.7,4.0709,426896.24,1831192.493
112,600893.SH,20201009,41.83,42.3,40.75,41.76,41.25,0.51,1.2364,209942.74,872488.636
113,600893.SH,20200930,41.4,41.5,40.4,41.25,41.0,0.25,0.6098,165320.43,677262.229
114,600893.SH,20200929,38.91,41.91,38.91,41.0,38.52,2.48,6.4382,345036.43,1406636.238
115,600893.SH,20200928,38.88,39.12,38.14,38.52,38.51,0.01,0.026,174477.33,674284.702
116,600893.SH,20200925,39.6,39.73,38.23,38.51,39.34,-0.83,-2.1098,155435.58,603463.408
117,600893.SH,20200924,39.67,40.07,39.11,39.34,40.08,-0.74,-1.8463,137038.89,542288.789
118,600893.SH,20200923,40.4,40.63,39.44,40.08,40.53,-0.45,-1.1103,192555.31,770690.851
119,600893.SH,20200922,40.98,41.25,39.76,40.53,42.12,-1.59,-3.7749,211005.27,852066.037
120,600893.SH,20200921,41.94,43.37,41.58,42.12,41.57,0.55,1.3231,365901.53,1558342.099
121,600893.SH,20200918,40.9,42.11,40.86,41.57,40.85,0.72,1.7625,311843.76,1296259.135
122,600893.SH,20200917,39.7,42.2,39.04,40.85,39.4,1.45,3.6802,257338.02,1046897.579
123,600893.SH,20200916,40.25,40.5,39.29,39.4,40.25,-0.85,-2.1118,151736.58,603242.778
124,600893.SH,20200915,40.11,41.25,39.83,40.25,39.93,0.32,0.8014,171250.36,691517.906
125,600893.SH,20200914,41.25,41.38,39.08,39.93,40.75,-0.82,-2.0123,242530.74,968791.995
126,600893.SH,20200911,40.03,40.85,39.28,40.75,40.3,0.45,1.1166,191865.51,769134.259
127,600893.SH,20200910,40.01,41.99,40.0,40.3,39.92,0.38,0.9519,309162.52,1264483.165
128,600893.SH,20200909,39.8,41.24,39.3,39.92,40.28,-0.36,-0.8937,329948.23,1329502.67
129,600893.SH,20200908,41.5,41.59,39.52,40.28,40.99,-0.71,-1.7321,286019.92,1155013.613
130,600893.SH,20200907,43.09,43.26,40.77,40.99,42.87,-1.88,-4.3854,245422.77,1027300.415
131,600893.SH,20200904,42.53,43.47,42.25,42.87,43.5,-0.63,-1.4483,172389.19,737150.86
132,600893.SH,20200903,42.18,44.27,41.76,43.5,43.0,0.5,1.1628,301938.73,1295853.417
133,600893.SH,20200902,45.64,45.65,42.83,43.0,44.43,-1.43,-3.2185,341882.42,1499767.841
134,600893.SH,20200901,45.05,45.64,43.91,44.43,44.64,-0.21,-0.4704,324843.03,1455636.045
135,600893.SH,20200831,44.2,46.3,43.53,44.64,43.89,0.75,1.7088,512467.53,2306709.563
136,600893.SH,20200828,42.49,44.5,41.6,43.89,41.79,2.1,5.0251,477836.76,2052931.976
137,600893.SH,20200827,41.65,42.04,40.41,41.79,41.04,0.75,1.8275,378847.33,1569766.913
138,600893.SH,20200826,44.0,44.84,40.8,41.04,43.82,-2.78,-6.3441,617780.85,2601800.265
139,600893.SH,20200825,46.66,46.97,41.86,43.82,46.51,-2.69,-5.7837,661296.18,2887225.464
140,600893.SH,20200824,46.64,47.77,46.21,46.51,46.0,0.51,1.1087,252894.2,1184509.38
141,600893.SH,20200821,47.17,47.92,45.59,46.0,46.61,-0.61,-1.3087,303154.58,1409290.12
142,600893.SH,20200820,47.0,48.69,46.02,46.61,47.9,-1.29,-2.6931,338792.01,1589408.239
143,600893.SH,20200819,50.99,51.4,47.61,47.9,51.5,-3.6,-6.9903,354484.28,1734314.18
144,600893.SH,20200818,50.31,52.23,50.0,51.5,51.0,0.5,0.9804,294357.97,1507811.305
145,600893.SH,20200817,50.7,51.2,48.5,51.0,49.81,1.19,2.3891,396083.52,1976522.904
146,600893.SH,20200814,48.75,51.95,47.88,49.81,49.0,0.81,1.6531,425538.06,2135554.897
147,600893.SH,20200813,49.1,50.32,47.81,49.0,47.55,1.45,3.0494,418923.75,2065943.908
148,600893.SH,20200812,49.1,49.51,46.01,47.55,51.08,-3.53,-6.9107,609663.58,2918740.555
149,600893.SH,20200811,50.1,53.26,49.1,51.08,50.12,0.96,1.9154,638500.86,3274853.772
150,600893.SH,20200810,53.0,56.33,50.01,50.12,51.21,-1.09,-2.1285,1116409.1,5988792.822
151,600893.SH,20200807,46.0,51.21,45.2,51.21,46.55,4.66,10.0107,799529.13,3934021.87
152,600893.SH,20200806,42.01,46.81,41.87,46.55,42.55,4.0,9.4007,789757.9,3545435.907
153,600893.SH,20200805,39.57,43.55,39.37,42.55,39.59,2.96,7.4766,645157.1,2703568.079
154,600893.SH,20200804,41.0,41.18,38.92,39.59,40.56,-0.97,-2.3915,500767.73,1987836.256
155,600893.SH,20200803,37.1,40.56,37.1,40.56,36.87,3.69,10.0081,623072.92,2474848.301
156,600893.SH,20200731,37.24,37.38,35.76,36.87,37.32,-0.45,-1.2058,367795.05,1343018.821
157,600893.SH,20200730,37.7,40.1,36.61,37.32,38.04,-0.72,-1.8927,560062.26,2136615.049
158,600893.SH,20200729,37.0,38.24,36.5,38.04,37.54,0.5,1.3319,497922.84,1860131.825
159,600893.SH,20200728,35.0,37.88,34.17,37.54,35.31,2.23,6.3155,625230.91,2282002.942
160,600893.SH,20200727,33.8,36.71,33.33,35.31,34.21,1.1,3.2154,582581.56,2047813.128
161,600893.SH,20200724,34.94,37.12,33.6,34.21,34.41,-0.2,-0.5812,779643.92,2779005.483
162,600893.SH,20200723,33.0,35.45,32.29,34.41,32.34,2.07,6.4007,648322.24,2197960.828
163,600893.SH,20200722,31.41,33.84,31.33,32.34,31.92,0.42,1.3158,404549.95,1326201.757
164,600893.SH,20200721,33.9,33.9,31.85,31.92,33.89,-1.97,-5.8129,508302.23,1647685.673
165,600893.SH,20200720,31.7,33.89,31.41,33.89,30.81,3.08,9.9968,597965.69,1977280.275
166,600893.SH,20200717,29.99,32.1,29.86,30.81,29.82,0.99,3.3199,425211.36,1316365.538
167,600893.SH,20200716,31.3,31.87,29.74,29.82,31.15,-1.33,-4.2697,304589.52,940083.907
168,600893.SH,20200715,32.61,32.99,30.69,31.15,32.46,-1.31,-4.0357,433385.69,1370665.253
169,600893.SH,20200714,32.0,34.4,31.85,32.6,32.5,0.1,0.3077,531466.03,1757923.567
170,600893.SH,20200713,32.15,32.9,31.45,32.5,32.2,0.3,0.9317,563140.88,1817602.367
171,600893.SH,20200710,33.5,34.74,31.87,32.2,32.92,-0.72,-2.1871,881379.39,2934426.381
172,600893.SH,20200709,32.85,32.92,31.8,32.92,29.93,2.99,9.99,752960.77,2457418.585
173,600893.SH,20200708,27.05,29.93,27.04,29.93,27.21,2.72,9.9963,531877.84,1530045.449
174,600893.SH,20200707,26.5,28.07,26.06,27.21,26.19,1.02,3.8946,482492.53,1323363.894
175,600893.SH,20200706,24.8,26.45,24.71,26.19,24.4,1.79,7.3361,381132.19,979221.579
176,600893.SH,20200703,24.28,24.82,24.1,24.4,24.2,0.2,0.8264,196039.65,478637.566
177,600893.SH,20200702,23.77,24.26,23.64,24.2,23.89,0.31,1.2976,154996.66,370912.622
178,600893.SH,20200701,23.51,24.02,23.33,23.89,23.48,0.41,1.7462,143424.15,338321.815
179,600893.SH,20200630,23.68,23.68,23.3,23.48,23.56,-0.08,-0.3396,98575.32,231361.609
180,600893.SH,20200629,23.29,24.15,23.16,23.56,23.35,0.21,0.8994,118874.71,281486.872
181,600893.SH,20200624,23.6,23.6,23.22,23.35,23.65,-0.3,-1.2685,72343.84,168895.908
182,600893.SH,20200623,23.55,23.68,23.38,23.65,23.48,0.17,0.724,91043.61,214612.769
183,600893.SH,20200622,23.2,23.57,23.16,23.48,23.1,0.38,1.645,88188.18,206581.555
184,600893.SH,20200619,22.9,23.21,22.9,23.1,22.97,0.13,0.566,86898.64,200675.466
185,600893.SH,20200618,23.13,23.21,22.83,22.97,23.4,-0.43,-1.8376,87270.01,200583.098
186,600893.SH,20200617,23.28,23.77,23.25,23.4,23.02,0.38,1.6507,113015.81,264921.59
187,600893.SH,20200616,22.88,23.07,22.82,23.02,22.7,0.32,1.4097,60882.61,139816.913
188,600893.SH,20200615,23.03,23.21,22.69,22.7,23.3,-0.6,-2.5751,113842.36,260880.187
189,600893.SH,20200612,22.9,23.35,22.85,23.3,23.28,0.02,0.0859,97642.11,225898.747
190,600893.SH,20200611,23.5,23.77,23.1,23.28,23.39,-0.11,-0.4703,101186.35,236972.838
191,600893.SH,20200610,23.44,23.57,23.18,23.39,23.42,-0.03,-0.1281,76397.91,178593.915
192,600893.SH,20200609,23.58,23.65,23.2,23.42,23.55,-0.13,-0.552,98313.53,229791.924
193,600893.SH,20200608,23.73,23.93,23.47,23.55,23.66,-0.11,-0.4649,86133.03,204064.668
194,600893.SH,20200605,24.18,24.2,23.5,23.66,24.11,-0.45,-1.8664,117994.09,280059.378
195,600893.SH,20200604,24.23,24.49,23.89,24.11,24.13,-0.02,-0.0829,68407.7,165542.899
196,600893.SH,20200603,24.46,24.55,24.12,24.13,24.41,-0.28,-1.1471,77900.58,189972.717
197,600893.SH,20200602,24.4,25.0,24.33,24.41,24.41,0.0,0.0,104965.68,257960.305
198,600893.SH,20200601,24.14,24.55,23.91,24.41,24.05,0.36,1.4969,111694.07,271390.491
199,600893.SH,20200529,23.9,24.24,23.81,24.05,24.05,0.0,0.0,74783.89,179785.14
200,600893.SH,20200528,24.01,24.24,23.72,24.05,23.99,0.06,0.2501,65872.65,157678.184
201,600893.SH,20200527,24.5,24.7,23.95,23.99,24.6,-0.61,-2.4797,69253.9,167714.26
202,600893.SH,20200526,24.62,24.84,24.33,24.6,24.57,0.03,0.1221,64628.55,158325.215
203,600893.SH,20200525,24.2,24.63,24.09,24.57,24.22,0.35,1.4451,73330.19,179569.2
204,600893.SH,20200522,24.72,25.13,24.18,24.22,24.71,-0.49,-1.983,97867.78,240503.753
205,600893.SH,20200521,25.15,25.31,24.58,24.71,25.05,-0.34,-1.3573,82659.54,206084.543
206,600893.SH,20200520,25.62,25.88,24.95,25.05,25.7,-0.65,-2.5292,122489.48,310045.102
207,600893.SH,20200519,25.7,25.83,25.35,25.7,25.61,0.09,0.3514,121442.92,310740.821
208,600893.SH,20200518,24.8,26.33,24.8,25.61,24.58,1.03,4.1904,245876.92,631915.661
209,600893.SH,20200515,24.35,24.76,24.35,24.58,24.31,0.27,1.1107,89414.36,219594.614
210,600893.SH,20200514,24.45,24.79,24.2,24.31,24.5,-0.19,-0.7755,91653.13,224467.224
211,600893.SH,20200513,24.45,24.68,24.23,24.5,24.46,0.04,0.1635,87088.74,212838.148
212,600893.SH,20200512,24.81,24.87,24.3,24.46,24.87,-0.41,-1.6486,107659.75,263592.747
213,600893.SH,20200508,24.96,25.33,24.77,24.87,24.96,-0.09,-0.3606,131750.81,329768.032
214,600893.SH,20200507,24.95,25.06,24.7,24.96,25.1,-0.14,-0.5578,107453.55,267659.781
215,600893.SH,20200506,24.73,25.1,24.49,25.1,24.75,0.35,1.4141,155853.27,387224.065
216,600893.SH,20200430,24.22,24.95,24.12,24.75,24.3,0.45,1.8519,145976.06,360008.695
217,600893.SH,20200429,23.29,24.55,23.22,24.3,23.45,0.85,3.6247,131577.4,317085.356
218,600893.SH,20200428,23.62,23.78,22.61,23.45,23.19,0.26,1.1212,135663.41,316370.471
219,600893.SH,20200427,23.55,23.83,23.12,23.19,23.65,-0.46,-1.945,87969.86,205878.481
220,600893.SH,20200424,24.16,24.22,23.41,23.65,23.96,-0.31,-1.2938,103760.15,246443.544
221,600893.SH,20200423,23.98,24.49,23.7,23.96,23.89,0.07,0.293,124647.18,300881.054
222,600893.SH,20200422,23.79,24.08,23.58,23.89,24.0,-0.11,-0.4583,90269.24,214944.891
223,600893.SH,20200421,23.44,24.48,23.29,24.0,23.58,0.42,1.7812,171702.32,409708.468
224,600893.SH,20200420,23.0,23.67,22.9,23.58,22.78,0.8,3.5119,159154.76,373255.453
225,600893.SH,20200417,23.15,23.23,22.58,22.78,22.99,-0.21,-0.9134,108958.67,250057.353
226,600893.SH,20200416,22.52,23.46,22.39,22.99,22.64,0.35,1.5459,113584.69,261688.257
227,600893.SH,20200415,22.7,22.9,22.49,22.64,22.74,-0.1,-0.4398,54229.07,123089.222
228,600893.SH,20200414,22.4,22.75,22.26,22.74,22.29,0.45,2.0188,57749.23,130177.884
229,600893.SH,20200413,22.7,22.7,22.17,22.29,22.68,-0.39,-1.7196,69220.18,154482.448
230,600893.SH,20200410,23.2,23.2,22.62,22.68,23.25,-0.57,-2.4516,82208.72,188086.081
231,600893.SH,20200409,23.28,23.44,22.92,23.25,23.32,-0.07,-0.3002,84481.96,195746.153
232,600893.SH,20200408,22.01,23.57,21.97,23.32,22.24,1.08,4.8561,185213.01,423703.06
233,600893.SH,20200407,22.0,22.56,21.91,22.24,21.71,0.53,2.4413,107753.5,239668.936
234,600893.SH,20200403,21.41,21.83,21.24,21.71,21.52,0.19,0.8829,79452.82,170909.472
235,600893.SH,20200402,20.88,21.52,20.86,21.52,20.88,0.64,3.0651,84469.22,179291.467
236,600893.SH,20200401,21.16,21.42,20.85,20.88,21.2,-0.32,-1.5094,84749.54,179201.966
237,600893.SH,20200331,21.68,21.74,21.13,21.2,21.5,-0.3,-1.3953,65531.62,140192.216
238,600893.SH,20200330,21.85,21.9,21.05,21.5,22.25,-0.75,-3.3708,129488.97,277964.304
239,600893.SH,20200327,22.77,22.93,22.25,22.25,22.29,-0.04,-0.1795,99848.63,225448.581
240,600893.SH,20200326,22.62,22.71,22.15,22.29,22.8,-0.51,-2.2368,96175.77,215491.915
241,600893.SH,20200325,22.91,22.94,22.45,22.8,22.47,0.33,1.4686,111226.48,252694.892
242,600893.SH,20200324,22.61,22.7,21.94,22.47,22.17,0.3,1.3532,95034.74,212079.324
243,600893.SH,20200323,22.68,22.85,22.01,22.17,23.25,-1.08,-4.6452,136273.55,305050.672
244,600893.SH,20200320,23.19,23.27,22.51,23.25,22.83,0.42,1.8397,155100.7,356358.126
245,600893.SH,20200319,23.15,23.48,22.43,22.83,23.1,-0.27,-1.1688,265058.24,606828.135
246,600893.SH,20200318,24.0,24.29,23.1,23.1,23.81,-0.71,-2.9819,149551.62,355981.539
247,600893.SH,20200317,24.25,24.6,23.05,23.81,24.0,-0.19,-0.7917,165467.35,394980.54
248,600893.SH,20200316,25.13,25.49,23.9,24.0,24.8,-0.8,-3.2258,263888.57,654437.884
249,600893.SH,20200313,23.36,25.05,23.27,24.8,24.19,0.61,2.5217,289010.75,703326.917
250,600893.SH,20200312,24.05,24.99,23.85,24.19,24.53,-0.34,-1.3861,168715.8,411021.794
251,600893.SH,20200311,24.32,25.26,24.26,24.53,24.28,0.25,1.0297,247288.97,615800.911
252,600893.SH,20200310,23.2,24.39,23.11,24.28,23.45,0.83,3.5394,160977.38,383024.662
253,600893.SH,20200309,24.1,24.5,23.45,23.45,24.8,-1.35,-5.4435,186662.28,446275.011
254,600893.SH,20200306,24.81,25.2,24.56,24.8,25.12,-0.32,-1.2739,171244.29,425558.03
255,600893.SH,20200305,25.4,25.85,24.67,25.12,25.09,0.03,0.1196,273685.21,689347.083
256,600893.SH,20200304,24.29,25.65,24.29,25.09,24.57,0.52,2.1164,282734.06,707343.325
257,600893.SH,20200303,23.94,25.96,23.91,24.57,23.82,0.75,3.1486,377821.99,939160.528
258,600893.SH,20200302,23.33,24.25,23.01,23.82,23.1,0.72,3.1169,210796.98,499371.935
259,600893.SH,20200228,23.51,24.1,23.09,23.1,24.52,-1.42,-5.7912,294972.67,695624.58
260,600893.SH,20200227,24.1,25.15,23.9,24.52,23.77,0.75,3.1552,331301.75,816550.842
261,600893.SH,20200226,24.0,25.12,23.77,23.77,24.49,-0.72,-2.94,341190.86,833882.532
262,600893.SH,20200225,24.6,24.95,23.3,24.49,25.44,-0.95,-3.7343,463627.4,1126488.432
263,600893.SH,20200224,25.69,25.86,25.13,25.44,26.18,-0.74,-2.8266,394070.33,1003288.778
264,600893.SH,20200221,25.1,27.0,24.8,26.18,25.07,1.11,4.4276,622103.82,1606164.539
265,600893.SH,20200220,25.71,25.71,24.55,25.07,26.22,-1.15,-4.386,766867.36,1929948.642
266,600893.SH,20200219,25.0,26.85,24.71,26.22,24.41,1.81,7.415,1300988.33,3384993.7
267,600893.SH,20200218,24.41,24.41,24.41,24.41,22.19,2.22,10.0045,53826.88,131391.414
268,600893.SH,20200217,22.12,22.19,21.55,22.19,20.17,2.02,10.0149,165703.42,365241.924
269,600893.SH,20200214,20.04,20.31,19.97,20.17,20.06,0.11,0.5484,67004.32,135036.754
270,600893.SH,20200213,20.5,20.56,20.04,20.06,20.56,-0.5,-2.4319,104553.58,211477.174
271,600893.SH,20200212,20.41,20.6,20.31,20.56,20.4,0.16,0.7843,67113.77,137553.167
272,600893.SH,20200211,20.5,20.62,20.36,20.4,20.49,-0.09,-0.4392,81070.56,166258.684
273,600893.SH,20200210,20.73,20.8,20.36,20.49,20.8,-0.31,-1.4904,110507.47,226718.002
274,600893.SH,20200207,20.18,21.0,20.03,20.8,20.18,0.62,3.0723,119896.46,244178.108
275,600893.SH,20200206,20.07,20.35,19.86,20.18,19.95,0.23,1.1529,112372.42,226481.847
276,600893.SH,20200205,19.67,20.18,19.52,19.95,19.7,0.25,1.269,119397.31,238114.152
277,600893.SH,20200204,19.3,19.77,19.08,19.7,19.43,0.27,1.3896,136669.98,267244.375
278,600893.SH,20200203,19.43,19.72,19.43,19.43,21.59,-2.16,-10.0046,121311.74,235948.451
279,600893.SH,20200123,21.8,22.37,21.2,21.59,21.91,-0.32,-1.4605,114844.07,249919.175
280,600893.SH,20200122,21.99,21.99,21.51,21.91,22.08,-0.17,-0.7699,84560.93,183922.795
281,600893.SH,20200121,22.25,22.68,21.98,22.08,22.25,-0.17,-0.764,113292.29,252501.836
282,600893.SH,20200120,22.29,22.55,22.13,22.25,22.24,0.01,0.045,99787.17,222064.68
283,600893.SH,20200117,22.27,22.53,22.11,22.24,22.27,-0.03,-0.1347,86095.14,191376.981
284,600893.SH,20200116,22.34,22.68,22.24,22.27,22.22,0.05,0.225,63210.71,141895.877
285,600893.SH,20200115,22.53,22.59,22.16,22.22,22.54,-0.32,-1.4197,82246.75,183286.59
286,600893.SH,20200114,22.83,23.09,22.46,22.54,22.58,-0.04,-0.1771,84608.37,192800.808
287,600893.SH,20200113,22.69,22.87,22.35,22.58,22.75,-0.17,-0.7473,78670.74,177509.869
288,600893.SH,20200110,22.9,23.22,22.54,22.75,23.04,-0.29,-1.2587,73782.21,168236.981
289,600893.SH,20200109,22.78,23.23,22.67,23.04,23.21,-0.17,-0.7324,97092.75,222817.361
290,600893.SH,20200108,23.15,23.6,22.98,23.21,23.0,0.21,0.913,186023.81,432705.982
291,600893.SH,20200107,22.19,23.1,22.19,23.0,22.3,0.7,3.139,161767.89,368997.219
292,600893.SH,20200106,22.67,23.12,22.14,22.3,22.44,-0.14,-0.6239,157699.17,355255.24
293,600893.SH,20200103,22.43,22.59,22.15,22.44,22.37,0.07,0.3129,122536.56,274513.048
294,600893.SH,20200102,21.7,22.76,21.56,22.37,21.68,0.69,3.1827,159696.37,356074.301
295,600893.SH,20191231,21.5,21.69,21.28,21.68,21.46,0.22,1.0252,98556.05,211780.033
296,600893.SH,20191230,20.58,21.48,20.44,21.46,20.65,0.81,3.9225,150942.22,318117.0
297,600893.SH,20191227,20.31,20.76,20.31,20.65,20.36,0.29,1.4244,83186.85,171184.485
298,600893.SH,20191226,19.95,20.37,19.91,20.36,19.99,0.37,1.8509,55868.45,112732.746
299,600893.SH,20191225,20.08,20.17,19.93,19.99,20.05,-0.06,-0.2993,61597.19,123466.04
300,600893.SH,20191224,19.9,20.08,19.9,20.05,19.83,0.22,1.1094,37027.36,74068.243
301,600893.SH,20191223,20.26,20.38,19.82,19.83,20.31,-0.48,-2.3634,67584.18,136103.387
302,600893.SH,20191220,20.63,20.71,20.31,20.31,20.65,-0.34,-1.6465,60220.15,122975.881
303,600893.SH,20191219,20.6,20.76,20.55,20.65,20.62,0.03,0.1455,52773.55,108941.068
304,600893.SH,20191218,20.86,20.86,20.62,20.62,20.73,-0.11,-0.5306,58914.78,122068.879
305,600893.SH,20191217,20.62,20.92,20.6,20.73,20.67,0.06,0.2903,96145.01,199409.389
306,600893.SH,20191216,20.39,20.76,20.26,20.67,20.33,0.34,1.6724,92735.31,190789.603
307,600893.SH,20191213,20.24,20.34,20.1,20.33,20.18,0.15,0.7433,72951.23,147471.678
308,600893.SH,20191212,20.19,20.29,20.08,20.18,20.15,0.03,0.1489,42358.09,85347.086
309,600893.SH,20191211,20.3,20.3,20.07,20.15,20.17,-0.02,-0.0992,32296.14,65095.075
310,600893.SH,20191210,20.2,20.31,20.15,20.17,20.29,-0.12,-0.5914,30980.78,62559.563
311,600893.SH,20191209,20.4,20.47,20.18,20.29,20.47,-0.18,-0.8793,39759.31,80644.296
312,600893.SH,20191206,20.5,20.61,20.26,20.47,20.5,-0.03,-0.1463,35215.07,71809.087
313,600893.SH,20191205,20.26,20.59,20.2,20.5,20.28,0.22,1.0848,48769.16,99687.502
314,600893.SH,20191204,19.87,20.3,19.78,20.28,19.97,0.31,1.5523,50928.35,102689.099
315,600893.SH,20191203,20.1,20.1,19.78,19.97,20.12,-0.15,-0.7455,47484.05,94598.631
316,600893.SH,20191202,20.27,20.27,20.04,20.12,20.28,-0.16,-0.789,23795.79,47868.16
317,600893.SH,20191129,20.16,20.28,19.99,20.28,20.15,0.13,0.6452,32999.4,66540.859
318,600893.SH,20191128,20.08,20.19,19.96,20.15,20.15,0.0,0.0,22480.36,45218.655
319,600893.SH,20191127,20.16,20.16,19.92,20.15,20.36,-0.21,-1.0314,37914.81,75949.882
320,600893.SH,20191126,20.05,20.36,19.89,20.36,19.96,0.4,2.004,66241.28,133361.857
321,600893.SH,20191125,20.01,20.02,19.75,19.96,20.02,-0.06,-0.2997,36645.67,72991.228
322,600893.SH,20191122,19.92,20.13,19.77,20.02,19.99,0.03,0.1501,51898.68,103662.175
323,600893.SH,20191121,19.5,20.1,19.44,19.99,19.51,0.48,2.4603,74627.31,148538.464
324,600893.SH,20191120,19.63,19.71,19.5,19.51,19.63,-0.12,-0.6113,40747.2,79867.268
325,600893.SH,20191119,19.54,19.83,19.53,19.63,19.59,0.04,0.2042,56994.38,112139.178
326,600893.SH,20191118,19.24,19.65,19.15,19.59,19.17,0.42,2.1909,55076.95,106995.725
327,600893.SH,20191115,19.8,19.85,19.17,19.17,19.8,-0.63,-3.1818,73269.88,142005.891
328,600893.SH,20191114,19.93,19.98,19.71,19.8,19.95,-0.15,-0.7519,50296.6,99688.38
329,600893.SH,20191113,19.88,20.0,19.76,19.95,19.9,0.05,0.2513,32717.05,65145.046
330,600893.SH,20191112,19.9,19.99,19.65,19.9,19.96,-0.06,-0.3006,50765.8,100601.028
331,600893.SH,20191111,20.32,20.38,19.8,19.96,20.48,-0.52,-2.5391,100174.37,200506.05
332,600893.SH,20191108,21.21,21.25,20.41,20.48,21.34,-0.86,-4.03,146046.76,303908.766
333,600893.SH,20191107,21.31,21.5,21.28,21.34,21.4,-0.06,-0.2804,51339.17,109859.783
334,600893.SH,20191106,21.4,21.76,21.31,21.4,21.18,0.22,1.0387,107357.98,231310.788
335,600893.SH,20191105,21.09,21.25,21.01,21.18,21.08,0.1,0.4744,41058.24,86860.021
336,600893.SH,20191104,21.2,21.25,21.02,21.08,21.19,-0.11,-0.5191,42386.95,89710.0
337,600893.SH,20191101,21.08,21.2,20.9,21.19,21.14,0.05,0.2365,43761.5,92286.993
338,600893.SH,20191031,21.14,21.23,21.0,21.14,21.12,0.02,0.0947,44516.47,94048.901
339,600893.SH,20191030,20.86,21.34,20.59,21.12,21.07,0.05,0.2373,87728.98,183798.501
340,600893.SH,20191029,21.44,21.44,21.0,21.07,21.44,-0.37,-1.7257,73299.96,155330.994
341,600893.SH,20191028,21.44,21.47,21.2,21.44,21.41,0.03,0.1401,62834.93,134276.692
342,600893.SH,20191025,21.27,21.42,21.08,21.41,21.32,0.09,0.4221,52304.41,111024.321
343,600893.SH,20191024,21.2,21.45,21.01,21.32,21.26,0.06,0.2822,52470.86,111091.365
344,600893.SH,20191023,21.8,21.8,21.24,21.26,21.26,0.0,0.0,56366.3,121110.258
345,600893.SH,20191022,21.09,21.29,21.09,21.26,21.08,0.18,0.8539,34917.7,73990.05
346,600893.SH,20191021,21.32,21.35,20.93,21.08,21.32,-0.24,-1.1257,61806.71,130375.531
347,600893.SH,20191018,21.82,21.96,21.32,21.32,21.8,-0.48,-2.2018,74853.62,161335.104
348,600893.SH,20191017,21.93,21.94,21.76,21.8,21.94,-0.14,-0.6381,36547.67,79769.94
349,600893.SH,20191016,21.84,21.96,21.84,21.94,21.84,0.1,0.4579,47755.71,104559.824
350,600893.SH,20191015,22.13,22.15,21.79,21.84,22.12,-0.28,-1.2658,58656.85,128327.242
351,600893.SH,20191014,22.19,22.19,22.01,22.12,21.91,0.21,0.9585,60161.87,133103.917
352,600893.SH,20191011,22.0,22.09,21.74,21.91,21.99,-0.08,-0.3638,51053.0,111739.812
353,600893.SH,20191010,21.95,22.03,21.86,21.99,21.95,0.04,0.1822,52247.2,114732.798
354,600893.SH,20191009,21.78,21.95,21.68,21.95,21.71,0.24,1.1055,35973.3,78480.959
355,600893.SH,20191008,21.98,22.05,21.71,21.71,21.87,-0.16,-0.7316,62691.49,137262.015
356,600893.SH,20190930,22.01,22.11,21.79,21.87,22.01,-0.14,-0.6361,53492.99,117273.662
357,600893.SH,20190927,21.94,22.14,21.9,22.01,21.92,0.09,0.4106,75440.38,165995.956
358,600893.SH,20190926,22.65,22.65,21.85,21.92,22.5,-0.58,-2.5778,126977.05,280932.78
359,600893.SH,20190925,22.79,22.85,22.47,22.5,22.9,-0.4,-1.7467,64294.77,145343.525
360,600893.SH,20190924,22.95,23.05,22.8,22.9,22.9,0.0,0.0,69009.17,158278.867
361,600893.SH,20190923,23.29,23.37,22.73,22.9,23.4,-0.5,-2.1368,87570.78,201432.669
362,600893.SH,20190920,23.42,23.45,23.12,23.4,23.4,0.0,0.0,81110.24,188626.916
363,600893.SH,20190919,23.3,23.46,23.18,23.4,23.2,0.2,0.8621,56719.61,132160.077
364,600893.SH,20190918,23.29,23.45,23.17,23.2,23.26,-0.06,-0.258,60541.69,141163.729
365,600893.SH,20190917,23.96,24.01,23.22,23.26,24.06,-0.8,-3.325,128426.12,302647.608
366,600893.SH,20190916,24.35,24.44,23.97,24.06,24.28,-0.22,-0.9061,113262.29,273118.017
367,600893.SH,20190912,24.49,24.49,24.05,24.28,24.45,-0.17,-0.6953,110675.76,268173.434
368,600893.SH,20190911,24.4,24.55,24.12,24.45,24.45,0.0,0.0,94878.11,230817.277
369,600893.SH,20190910,24.45,24.87,24.18,24.45,24.42,0.03,0.1229,156266.9,382854.821
370,600893.SH,20190909,24.28,24.49,23.94,24.42,24.14,0.28,1.1599,184806.25,446947.786
371,600893.SH,20190906,24.5,24.69,24.03,24.14,24.49,-0.35,-1.4292,156237.39,379130.698
372,600893.SH,20190905,24.4,24.63,24.21,24.49,24.32,0.17,0.699,164808.07,403011.414
373,600893.SH,20190904,24.35,24.55,24.01,24.32,24.38,-0.06,-0.2461,111208.2,269528.522
374,600893.SH,20190903,24.44,24.7,24.24,24.38,24.59,-0.21,-0.854,151188.64,368781.694
375,600893.SH,20190902,23.66,24.82,23.65,24.59,23.56,1.03,4.3718,262215.16,635568.622
376,600893.SH,20190830,23.27,23.63,23.24,23.56,23.27,0.29,1.2462,128201.11,300608.514
377,600893.SH,20190829,23.19,23.59,23.01,23.27,23.07,0.2,0.8669,118356.31,275872.921
378,600893.SH,20190828,23.17,23.45,22.91,23.07,23.1,-0.03,-0.1299,85979.89,199689.751
379,600893.SH,20190827,23.01,23.38,22.66,23.1,22.94,0.16,0.6975,117423.14,272206.787
380,600893.SH,20190826,22.52,22.98,22.21,22.94,22.96,-0.02,-0.0871,93153.87,210980.155
381,600893.SH,20190823,22.99,23.26,22.79,22.96,23.04,-0.08,-0.3472,58035.39,133445.107
382,600893.SH,20190822,23.0,23.24,22.83,23.04,22.9,0.14,0.6114,74302.48,171367.577
383,600893.SH,20190821,22.7,23.06,22.62,22.9,22.7,0.2,0.8811,69484.53,159145.069
384,600893.SH,20190820,22.72,22.93,22.63,22.7,22.72,-0.02,-0.088,66962.54,152505.857
385,600893.SH,20190819,22.29,22.87,22.2,22.72,22.19,0.53,2.3885,98379.76,222528.708
386,600893.SH,20190816,22.06,22.37,22.05,22.19,22.06,0.13,0.5893,63235.87,140615.556
387,600893.SH,20190815,21.7,22.12,21.64,22.06,22.13,-0.07,-0.3163,42712.69,93477.649
388,600893.SH,20190814,22.25,22.29,21.89,22.13,22.03,0.1,0.4539,55896.35,123365.422
389,600893.SH,20190813,21.82,22.28,21.81,22.03,21.98,0.05,0.2275,39217.63,86551.582
390,600893.SH,20190812,21.85,21.99,21.78,21.98,21.78,0.2,0.9183,53908.2,117995.72
391,600893.SH,20190809,22.25,22.33,21.73,21.78,22.18,-0.4,-1.8034,72435.25,159084.086
392,600893.SH,20190808,22.16,22.46,22.06,22.18,22.0,0.18,0.8182,51391.13,114154.711
393,600893.SH,20190807,22.02,22.32,21.79,22.0,21.98,0.02,0.091,72428.68,159690.382
394,600893.SH,20190806,22.0,22.37,21.62,21.98,22.3,-0.32,-1.435,103878.31,228115.381
395,600893.SH,20190805,22.22,22.79,22.21,22.3,22.49,-0.19,-0.8448,86018.07,193584.542
396,600893.SH,20190802,22.66,22.68,22.35,22.49,23.01,-0.52,-2.2599,96125.54,216518.247
397,600893.SH,20190801,23.55,23.66,23.0,23.01,23.5,-0.49,-2.0851,91439.8,212150.115
398,600893.SH,20190731,23.31,23.56,23.29,23.5,23.4,0.1,0.4274,63479.53,148879.554
399,600893.SH,20190730,23.68,23.69,23.34,23.4,23.45,-0.05,-0.2132,59368.91,139608.616
400,600893.SH,20190729,23.43,23.67,23.39,23.45,23.45,0.0,0.0,74483.49,175207.505
401,600893.SH,20190726,23.02,23.54,22.88,23.45,23.0,0.45,1.9565,109819.09,256267.062
402,600893.SH,20190725,23.08,23.37,22.9,23.0,23.08,-0.08,-0.3466,63077.41,145514.506
403,600893.SH,20190724,22.7,23.25,22.68,23.08,22.61,0.47,2.0787,94028.56,216580.969
404,600893.SH,20190723,22.44,22.71,22.25,22.61,22.5,0.11,0.4889,116030.86,260107.543
405,600893.SH,20190722,23.6,23.6,22.33,22.5,23.66,-1.16,-4.9028,171691.27,391510.93
406,600893.SH,20190705,23.86,23.97,23.61,23.66,23.96,-0.3,-1.2521,99582.59,236355.412
407,600893.SH,20190704,23.15,24.45,23.11,23.96,23.25,0.71,3.0538,276971.39,663097.351
408,600893.SH,20190703,23.1,23.33,22.9,23.25,23.16,0.09,0.3886,90945.01,210190.542
409,600893.SH,20190702,23.31,23.43,23.0,23.16,23.16,0.0,0.0,81273.7,188506.05
410,600893.SH,20190701,22.95,23.23,22.95,23.16,22.71,0.45,1.9815,89475.86,206722.988
411,600893.SH,20190628,23.0,23.1,22.51,22.71,23.0,-0.29,-1.2609,60546.82,137714.567
412,600893.SH,20190627,22.95,23.22,22.87,23.0,22.94,0.06,0.2616,88354.69,203630.853
413,600893.SH,20190626,22.61,22.94,22.48,22.94,22.76,0.18,0.7909,55150.94,125377.817
414,600893.SH,20190625,22.65,22.83,22.33,22.76,22.6,0.16,0.708,82856.24,187096.677
415,600893.SH,20190624,22.69,22.83,22.49,22.6,22.64,-0.04,-0.1767,61403.56,138794.198
416,600893.SH,20190621,22.43,22.71,22.4,22.64,22.43,0.21,0.9362,96378.33,217659.697
417,600893.SH,20190620,22.13,22.51,21.95,22.43,22.12,0.31,1.4014,80879.4,180650.847
418,600893.SH,20190619,22.0,22.25,22.0,22.12,21.74,0.38,1.7479,91534.07,202659.436
419,600893.SH,20190618,21.81,21.88,21.63,21.74,21.8,-0.06,-0.2752,56785.96,123298.941
420,600893.SH,20190617,22.16,22.24,21.66,21.8,22.21,-0.41,-1.846,84970.89,186656.468
421,600893.SH,20190614,22.37,22.72,22.2,22.21,22.4,-0.19,-0.8482,89617.19,200994.078
422,600893.SH,20190613,22.5,22.52,22.32,22.4,22.37,0.03,0.1341,50788.09,113826.934
423,600893.SH,20190612,22.6,22.66,22.33,22.37,22.64,-0.27,-1.1926,68296.17,153465.946
424,600893.SH,20190611,22.16,22.66,22.01,22.64,22.16,0.48,2.1661,92678.49,207546.977
425,600893.SH,20190610,21.95,22.22,21.93,22.16,21.92,0.24,1.0949,66441.44,146742.715
426,600893.SH,20190606,22.49,22.49,21.9,21.92,22.52,-0.6,-2.6643,78855.28,174262.24
427,600893.SH,20190605,22.89,22.99,22.52,22.52,22.81,-0.29,-1.2714,62286.68,141448.923
428,600893.SH,20190604,22.97,22.98,22.75,22.81,23.0,-0.19,-0.8261,50844.2,116118.979
429,600893.SH,20190603,23.47,23.5,22.9,23.0,23.36,-0.36,-1.5411,64900.03,150034.122
430,600893.SH,20190531,23.49,23.49,23.21,23.36,23.32,0.04,0.1715,51294.69,119777.627
431,600893.SH,20190530,23.63,23.7,23.27,23.46,23.7,-0.24,-1.0127,64288.88,150656.937
432,600893.SH,20190529,23.68,23.87,23.58,23.7,23.94,-0.24,-1.0025,48583.81,115317.798
433,600893.SH,20190528,23.61,23.94,23.49,23.94,23.62,0.32,1.3548,82558.6,195312.554
434,600893.SH,20190527,23.31,23.73,23.12,23.62,23.19,0.43,1.8542,61421.55,143995.587
435,600893.SH,20190524,23.4,23.63,23.15,23.19,23.54,-0.35,-1.4868,58049.1,135162.671
436,600893.SH,20190523,23.55,24.04,23.4,23.54,23.49,0.05,0.2129,94400.2,223988.414
437,600893.SH,20190522,23.65,23.84,23.3,23.49,23.64,-0.15,-0.6345,50707.86,119551.644
438,600893.SH,20190521,23.43,23.85,23.2,23.64,23.43,0.21,0.8963,77211.3,182226.147
439,600893.SH,20190520,23.2,23.55,23.12,23.43,23.18,0.25,1.0785,52953.35,123483.92
440,600893.SH,20190517,23.89,23.89,23.15,23.18,23.9,-0.72,-3.0126,79695.34,187314.0
441,600893.SH,20190516,23.55,24.06,23.43,23.9,23.56,0.34,1.4431,96941.59,230379.834
442,600893.SH,20190515,23.58,23.63,23.28,23.56,23.4,0.16,0.6838,75191.48,176367.507
443,600893.SH,20190514,23.35,23.74,23.3,23.4,23.48,-0.08,-0.3407,73429.42,172776.935
444,600893.SH,20190513,23.72,23.92,23.41,23.48,23.95,-0.47,-1.9624,67034.91,158644.453
445,600893.SH,20190510,23.36,24.09,23.1,23.95,23.24,0.71,3.0551,103534.16,244977.579
446,600893.SH,20190509,23.3,23.5,22.98,23.24,23.31,-0.07,-0.3003,73743.94,171921.944
447,600893.SH,20190508,23.02,23.5,22.92,23.31,23.41,-0.1,-0.4272,63669.5,148611.666
448,600893.SH,20190507,23.3,23.64,23.15,23.41,23.26,0.15,0.6449,88483.11,206861.302
449,600893.SH,20190506,24.08,24.42,22.7,23.26,24.31,-1.05,-4.3192,147666.39,348172.78
450,600893.SH,20190430,24.36,24.7,24.22,24.31,24.31,0.0,0.0,72131.02,176290.523
451,600893.SH,20190429,24.71,24.84,24.26,24.31,24.6,-0.29,-1.1789,73183.37,179765.069
452,600893.SH,20190426,24.86,24.96,24.49,24.6,24.92,-0.32,-1.2841,89809.14,221796.575
453,600893.SH,20190425,25.74,25.74,24.9,24.92,25.74,-0.82,-3.1857,124694.57,315401.744
454,600893.SH,20190424,25.66,25.88,25.52,25.74,25.65,0.09,0.3509,66627.68,171220.137
455,600893.SH,20190423,26.23,26.36,25.56,25.65,26.29,-0.64,-2.4344,102671.54,265498.007
456,600893.SH,20190422,26.54,26.68,26.27,26.29,26.43,-0.14,-0.5297,91020.59,240858.315
457,600893.SH,20190419,26.38,26.54,26.07,26.43,26.42,0.01,0.0379,72632.7,191216.964
458,600893.SH,20190418,26.44,26.65,26.25,26.42,26.38,0.04,0.1516,89007.73,235749.857
459,600893.SH,20190417,26.34,26.6,26.21,26.38,26.36,0.02,0.0759,87826.75,232257.325
460,600893.SH,20190416,26.0,26.36,25.55,26.36,26.13,0.23,0.8802,111656.84,289572.072
461,600893.SH,20190415,26.44,26.72,26.1,26.13,26.21,-0.08,-0.3052,127958.89,337721.099
462,600893.SH,20190412,26.47,26.5,26.1,26.21,26.48,-0.27,-1.0196,78321.67,205662.526
463,600893.SH,20190411,26.31,26.78,26.15,26.48,26.33,0.15,0.5697,139196.46,368605.523
464,600893.SH,20190410,26.44,26.5,26.07,26.33,26.55,-0.22,-0.8286,114091.91,299664.959
465,600893.SH,20190409,26.65,26.73,26.33,26.55,26.63,-0.08,-0.3004,104857.65,278391.664
466,600893.SH,20190408,27.4,27.53,26.5,26.63,27.13,-0.5,-1.843,189108.46,507956.919
467,600893.SH,20190404,27.3,27.38,26.85,27.13,27.11,0.02,0.0738,163418.32,443239.367
468,600893.SH,20190403,26.7,27.28,26.6,27.11,26.95,0.16,0.5937,168028.13,451828.659
469,600893.SH,20190402,27.06,27.68,26.71,26.95,26.99,-0.04,-0.1482,230660.02,626228.361
470,600893.SH,20190401,26.69,27.15,26.41,26.99,26.4,0.59,2.2348,240498.91,647146.123
471,600893.SH,20190329,25.91,26.4,25.86,26.4,25.88,0.52,2.0093,184228.89,482325.173
472,600893.SH,20190328,26.04,26.49,25.77,25.88,26.07,-0.19,-0.7288,88549.16,231391.162
473,600893.SH,20190327,26.4,26.45,25.75,26.07,26.3,-0.23,-0.8745,115599.59,300451.574
474,600893.SH,20190326,27.49,27.6,26.21,26.3,27.46,-1.16,-4.2243,202860.83,543934.46
475,600893.SH,20190325,26.76,28.4,26.6,27.46,26.7,0.76,2.8464,365921.78,1009350.95
476,600893.SH,20190322,25.84,26.7,25.83,26.7,25.92,0.78,3.0093,184283.88,485015.529
477,600893.SH,20190321,25.85,26.12,25.81,25.92,25.84,0.08,0.3096,97730.12,253625.379
478,600893.SH,20190320,26.24,26.27,25.4,25.84,26.23,-0.39,-1.4868,117237.37,302174.737
479,600893.SH,20190319,26.08,26.55,25.86,26.23,25.89,0.34,1.3132,139344.48,364573.127
480,600893.SH,20190318,25.65,25.95,25.48,25.89,25.56,0.33,1.2911,134843.42,347819.515
481,600893.SH,20190315,26.12,26.25,25.31,25.56,25.85,-0.29,-1.1219,170224.08,436812.701
482,600893.SH,20190314,26.64,26.67,25.47,25.85,26.54,-0.69,-2.5998,190244.07,495154.303
483,600893.SH,20190313,26.89,27.95,26.21,26.54,26.69,-0.15,-0.562,322266.2,876853.029
484,600893.SH,20190312,26.3,27.18,25.91,26.69,25.88,0.81,3.1298,304292.62,806885.094
485,600893.SH,20190311,24.95,25.94,24.95,25.88,24.91,0.97,3.894,139233.6,354641.081
486,600893.SH,20190308,25.48,25.92,24.82,24.91,25.82,-0.91,-3.5244,172211.75,435780.47
487,600893.SH,20190307,25.92,26.33,25.65,25.82,26.07,-0.25,-0.959,145416.85,376299.3
488,600893.SH,20190306,26.41,26.53,25.66,26.07,26.03,0.04,0.1537,153721.51,400157.808
489,600893.SH,20190305,25.47,26.18,25.38,26.03,25.51,0.52,2.0384,163066.84,420588.489
490,600893.SH,20190304,25.2,25.96,25.12,25.51,25.12,0.39,1.5525,207018.92,529843.994
491,600893.SH,20190301,25.34,25.34,24.79,25.12,25.24,-0.12,-0.4754,114656.55,286818.554
492,600893.SH,20190228,25.5,25.78,24.9,25.24,25.25,-0.01,-0.0396,149692.38,377618.02
493,600893.SH,20190227,25.2,26.25,24.96,25.25,25.47,-0.22,-0.8638,237455.52,608828.692
494,600893.SH,20190226,25.77,25.91,25.29,25.47,26.18,-0.71,-2.712,254316.86,651141.714
495,600893.SH,20190225,25.09,26.38,24.96,26.18,24.83,1.35,5.437,223466.71,574410.439
496,600893.SH,20190222,24.38,24.95,24.2,24.83,24.5,0.33,1.3469,85305.69,210775.124
497,600893.SH,20190221,25.08,25.62,24.38,24.5,24.7,-0.2,-0.8097,171384.73,429102.652
498,600893.SH,20190220,24.54,24.96,24.13,24.7,24.54,0.16,0.652,121155.49,298181.862
499,600893.SH,20190219,24.4,24.66,24.04,24.54,24.25,0.29,1.1959,119996.16,292085.757
500,600893.SH,20190218,23.36,24.36,23.36,24.25,23.3,0.95,4.0773,130036.46,312394.942
501,600893.SH,20190215,23.42,23.66,23.2,23.3,23.42,-0.12,-0.5124,67571.38,158097.955
502,600893.SH,20190214,23.39,23.66,23.33,23.42,23.34,0.08,0.3428,74459.52,174853.886
503,600893.SH,20190213,22.99,23.52,22.89,23.34,22.96,0.38,1.6551,88515.65,205433.399
504,600893.SH,20190212,22.68,23.13,22.56,22.96,22.68,0.28,1.2346,79832.82,182982.184
505,600893.SH,20190211,22.35,22.69,22.31,22.68,22.31,0.37,1.6584,55468.27,125002.148
506,600893.SH,20190201,22.05,22.35,22.03,22.31,22.0,0.31,1.4091,34702.66,77097.562
507,600893.SH,20190131,22.23,22.33,21.9,22.0,22.18,-0.18,-0.8115,50039.58,110448.957
508,600893.SH,20190130,22.11,22.35,22.05,22.18,22.13,0.05,0.2259,35636.63,79128.646
509,600893.SH,20190129,22.46,22.56,22.05,22.13,22.45,-0.32,-1.4254,56005.95,124706.877
510,600893.SH,20190128,22.71,22.91,22.38,22.45,22.6,-0.15,-0.6637,45268.6,102636.693
511,600893.SH,20190125,22.83,22.89,22.58,22.6,22.84,-0.24,-1.0508,32777.21,74594.682
512,600893.SH,20190124,22.56,22.95,22.31,22.84,22.53,0.31,1.3759,66098.63,150485.802
513,600893.SH,20190123,22.3,22.54,22.16,22.53,22.29,0.24,1.0767,44312.24,99280.878
514,600893.SH,20190122,22.59,22.68,22.13,22.29,22.69,-0.4,-1.7629,42453.19,95020.29
515,600893.SH,20190121,22.59,22.76,22.45,22.69,22.52,0.17,0.7549,46146.54,104534.863
516,600893.SH,20190118,22.38,22.65,22.31,22.52,22.3,0.22,0.9865,39529.33,88931.638
517,600893.SH,20190117,22.64,22.69,22.24,22.3,22.58,-0.28,-1.24,38986.41,87541.923
518,600893.SH,20190116,22.71,22.78,22.46,22.58,22.67,-0.09,-0.397,41700.36,94233.495
519,600893.SH,20190115,22.55,22.75,22.5,22.67,22.55,0.12,0.5322,33027.54,74716.888
520,600893.SH,20190114,22.72,22.75,22.43,22.55,22.72,-0.17,-0.7482,29311.07,66062.438
521,600893.SH,20190111,22.47,22.79,22.47,22.72,22.61,0.11,0.4865,41489.16,94102.354
522,600893.SH,20190110,22.51,22.75,22.34,22.61,22.51,0.1,0.4442,52367.82,118004.587
523,600893.SH,20190109,22.7,22.8,22.45,22.51,22.56,-0.05,-0.2216,50547.47,114439.904
524,600893.SH,20190108,22.87,22.87,22.47,22.56,22.95,-0.39,-1.6993,59419.9,134442.163
525,600893.SH,20190107,22.34,23.07,22.32,22.95,22.24,0.71,3.1924,128968.6,293312.679
526,600893.SH,20190104,22.03,22.3,21.67,22.24,22.12,0.12,0.5425,86602.17,190748.616
527,600893.SH,20190103,21.49,22.65,21.43,22.12,21.5,0.62,2.8837,116371.29,257805.964
528,600893.SH,20190102,21.71,21.72,21.36,21.5,21.72,-0.22,-1.0129,50160.94,107792.908
529,600893.SH,20181228,21.48,21.72,21.3,21.72,21.49,0.23,1.0703,56914.7,122348.717
530,600893.SH,20181227,21.85,21.97,21.28,21.49,21.59,-0.1,-0.4632,55040.61,119112.706
531,600893.SH,20181226,21.74,21.91,21.58,21.59,21.73,-0.14,-0.6443,32910.12,71401.56
532,600893.SH,20181225,21.82,21.9,21.51,21.73,22.0,-0.27,-1.2273,49415.32,107118.083
533,600893.SH,20181224,21.81,22.05,21.81,22.0,21.99,0.01,0.0455,41191.12,90421.608
534,600893.SH,20181221,22.14,22.18,21.62,21.99,22.15,-0.16,-0.7223,66324.53,144820.894
535,600893.SH,20181220,22.39,22.48,22.05,22.15,22.42,-0.27,-1.2043,52856.33,117774.381
536,600893.SH,20181219,22.93,22.99,22.36,22.42,22.85,-0.43,-1.8818,43725.95,99125.709
537,600893.SH,20181218,22.85,23.09,22.79,22.85,23.01,-0.16,-0.6953,28102.26,64407.916
538,600893.SH,20181217,22.76,23.16,22.69,23.01,22.8,0.21,0.9211,41634.52,95536.243
539,600893.SH,20181214,23.25,23.36,22.8,22.8,23.24,-0.44,-1.8933,40440.5,93279.657
540,600893.SH,20181213,22.91,23.33,22.89,23.24,22.92,0.32,1.3962,36210.73,84000.034
541,600893.SH,20181212,23.07,23.1,22.82,22.92,22.95,-0.03,-0.1307,23876.64,54830.377
542,600893.SH,20181211,22.99,23.09,22.8,22.95,22.98,-0.03,-0.1305,27693.41,63522.075
543,600893.SH,20181210,23.5,23.5,22.96,22.98,23.6,-0.62,-2.6271,43886.18,101535.847
544,600893.SH,20181207,23.77,23.91,23.39,23.6,23.65,-0.05,-0.2114,40390.98,95207.444
545,600893.SH,20181206,23.63,24.18,23.45,23.65,23.6,0.05,0.2119,71417.07,170311.637
546,600893.SH,20181205,23.66,23.78,23.51,23.6,23.9,-0.3,-1.2552,42341.21,100029.112
547,600893.SH,20181204,23.94,23.94,23.57,23.9,23.95,-0.05,-0.2088,55833.91,132819.395
548,600893.SH,20181203,23.8,23.99,23.76,23.95,23.48,0.47,2.0017,56892.46,135961.821
549,600893.SH,20181130,23.25,23.48,23.05,23.48,23.21,0.27,1.1633,38608.06,89761.813
550,600893.SH,20181129,23.55,23.75,23.2,23.21,23.4,-0.19,-0.812,43616.47,102619.29
551,600893.SH,20181128,23.18,23.42,22.91,23.4,23.22,0.18,0.7752,34610.16,80285.303
552,600893.SH,20181127,23.31,23.42,23.08,23.22,23.22,0.0,0.0,33472.91,77831.336
553,600893.SH,20181126,23.3,23.58,23.0,23.22,23.2,0.02,0.0862,34359.04,79987.265
554,600893.SH,20181123,23.98,24.09,23.15,23.2,24.03,-0.83,-3.454,64217.14,151376.204
555,600893.SH,20181122,24.12,24.28,23.99,24.03,24.06,-0.03,-0.1247,40851.09,98502.104
556,600893.SH,20181121,23.63,24.14,23.57,24.06,23.81,0.25,1.05,55154.98,131819.009
557,600893.SH,20181120,24.02,24.62,23.81,23.81,24.11,-0.3,-1.2443,98310.36,238528.543
558,600893.SH,20181119,24.1,24.2,23.82,24.11,24.2,-0.09,-0.3719,50330.27,120722.958
559,600893.SH,20181116,24.18,24.41,24.05,24.2,24.19,0.01,0.0413,75069.45,181806.053
560,600893.SH,20181115,23.9,24.38,23.86,24.19,23.97,0.22,0.9178,75933.71,183562.249
561,600893.SH,20181114,24.0,24.08,23.65,23.97,23.97,0.0,0.0,64745.05,154381.339
562,600893.SH,20181113,23.88,24.2,23.62,23.97,24.09,-0.12,-0.4981,67084.19,160557.582
563,600893.SH,20181112,23.81,24.17,23.65,24.09,23.87,0.22,0.9217,42448.69,101850.394
564,600893.SH,20181109,23.63,23.98,23.56,23.87,23.73,0.14,0.59,40599.63,96477.861
565,600893.SH,20181108,24.09,24.18,23.71,23.73,23.93,-0.2,-0.8358,51541.26,123172.546
566,600893.SH,20181107,24.39,24.63,23.8,23.93,24.25,-0.32,-1.3196,64683.02,156595.629
567,600893.SH,20181106,24.13,24.34,23.9,24.25,24.14,0.11,0.4557,54448.68,131695.037
568,600893.SH,20181105,24.15,24.38,23.68,24.14,24.15,-0.01,-0.0414,71825.55,172611.733
569,600893.SH,20181102,23.5,24.18,23.43,24.15,23.23,0.92,3.9604,103444.7,246811.118
570,600893.SH,20181101,22.88,23.56,22.84,23.23,22.79,0.44,1.9307,67518.42,157156.805
571,600893.SH,20181031,22.81,23.15,22.61,22.79,22.68,0.11,0.485,39326.6,90171.973
572,600893.SH,20181030,22.45,22.77,22.25,22.68,22.5,0.18,0.8,46160.84,104271.776
573,600893.SH,20181029,22.63,22.79,22.38,22.5,22.77,-0.27,-1.1858,34063.83,76931.768
574,600893.SH,20181026,22.75,23.09,22.39,22.77,22.63,0.14,0.6186,37517.48,85393.814
575,600893.SH,20181025,22.38,22.73,22.2,22.63,22.8,-0.17,-0.7456,40588.15,91135.119
576,600893.SH,20181024,22.92,23.2,22.63,22.8,23.04,-0.24,-1.0417,45948.87,105218.975
577,600893.SH,20181023,23.0,23.26,22.81,23.04,23.13,-0.09,-0.3891,62878.66,144723.14
578,600893.SH,20181022,22.3,23.35,22.2,23.13,22.15,0.98,4.4244,95958.19,219845.719
579,600893.SH,20181019,21.6,22.15,20.55,22.15,21.86,0.29,1.3266,90676.01,194406.088
580,600893.SH,20181018,22.0,22.2,21.75,21.86,22.06,-0.2,-0.9066,44862.06,98664.731
581,600893.SH,20181017,22.6,22.76,21.72,22.06,22.39,-0.33,-1.4739,53201.64,118277.856
582,600893.SH,20181016,23.03,23.36,22.08,22.39,22.88,-0.49,-2.1416,70227.72,159409.512
583,600893.SH,20181015,22.72,23.3,22.72,22.88,22.78,0.1,0.439,48396.42,111222.22
584,600893.SH,20181012,21.9,22.84,21.56,22.78,21.91,0.87,3.9708,78164.79,173821.604
585,600893.SH,20181011,22.53,22.87,21.74,21.91,23.05,-1.14,-4.9458,99081.23,219798.66
586,600893.SH,20181010,22.81,23.11,22.46,23.05,22.91,0.14,0.6111,54760.84,124944.945
587,600893.SH,20181009,23.77,23.79,22.64,22.91,23.71,-0.8,-3.3741,84003.08,193891.026
588,600893.SH,20181008,23.83,24.3,23.68,23.71,24.06,-0.35,-1.4547,71376.04,171128.058
589,600893.SH,20180928,24.26,24.37,23.9,24.06,24.3,-0.24,-0.9877,65573.33,157694.88
590,600893.SH,20180927,24.69,24.7,24.1,24.3,24.68,-0.38,-1.5397,71769.53,174408.379
591,600893.SH,20180926,24.71,24.84,24.42,24.68,24.69,-0.01,-0.0405,75190.7,185510.0
592,600893.SH,20180925,24.1,24.86,24.02,24.69,24.22,0.47,1.9405,80089.79,197131.875
593,600893.SH,20180921,24.13,24.32,23.72,24.22,24.09,0.13,0.5396,62216.26,149616.082
594,600893.SH,20180920,24.31,24.62,23.94,24.09,24.44,-0.35,-1.4321,61479.28,148858.717
595,600893.SH,20180919,24.4,24.62,24.05,24.44,24.33,0.11,0.4521,59285.51,144708.422
596,600893.SH,20180918,23.99,24.44,23.65,24.33,23.95,0.38,1.5866,60005.24,144497.457
597,600893.SH,20180917,24.2,24.72,23.73,23.95,24.37,-0.42,-1.7234,89158.7,215417.106
598,600893.SH,20180914,24.92,25.27,24.23,24.37,24.92,-0.55,-2.2071,97741.58,241776.081
599,600893.SH,20180913,24.89,24.95,24.36,24.92,24.6,0.32,1.3008,98004.49,242267.549
600,600893.SH,20180912,24.06,24.99,24.02,24.6,24.0,0.6,2.5,132065.47,326052.716
601,600893.SH,20180911,23.26,24.05,23.23,24.0,23.27,0.73,3.1371,73422.27,174523.807
602,600893.SH,20180910,24.29,24.29,23.11,23.27,24.3,-1.03,-4.2387,83046.31,195830.33
603,600893.SH,20180907,24.25,24.56,23.81,24.3,23.99,0.31,1.2922,69446.57,168665.909
604,600893.SH,20180906,24.3,24.69,23.75,23.99,24.25,-0.26,-1.0722,78250.96,189713.806
605,600893.SH,20180905,24.3,24.67,24.17,24.25,24.25,0.0,0.0,89801.01,219441.496
606,600893.SH,20180904,24.12,24.67,23.97,24.25,24.08,0.17,0.706,114305.82,278349.32
607,600893.SH,20180903,23.61,24.21,23.21,24.08,23.59,0.49,2.0772,100975.75,241406.649
608,600893.SH,20180831,23.55,23.7,23.33,23.59,23.7,-0.11,-0.4641,35169.15,82727.232
609,600893.SH,20180830,23.61,23.85,23.3,23.7,23.8,-0.1,-0.4202,52407.83,123333.052
610,600893.SH,20180829,23.49,23.8,23.35,23.8,23.45,0.35,1.4925,60656.95,143407.359
611,600893.SH,20180828,23.52,23.9,23.23,23.45,23.17,0.28,1.2085,82300.83,194132.72
612,600893.SH,20180827,22.49,23.2,22.41,23.17,22.36,0.81,3.6225,63029.19,144945.564
613,600893.SH,20180824,22.47,22.62,22.35,22.36,22.5,-0.14,-0.6222,21097.0,47432.811
614,600893.SH,20180823,22.25,22.62,22.21,22.5,22.41,0.09,0.4016,24495.22,55029.106
615,600893.SH,20180822,22.5,22.66,22.18,22.41,22.48,-0.07,-0.3114,26040.11,58348.379
616,600893.SH,20180821,22.25,22.62,22.16,22.48,22.24,0.24,1.0791,34265.5,76850.857
617,600893.SH,20180820,22.0,22.3,21.8,22.24,22.03,0.21,0.9532,29427.2,64872.65
618,600893.SH,20180817,22.79,22.81,21.98,22.03,22.51,-0.48,-2.1324,42744.22,95153.545
619,600893.SH,20180816,22.59,22.8,22.33,22.51,22.73,-0.22,-0.9679,31203.0,70413.873
620,600893.SH,20180815,22.94,23.3,22.62,22.73,22.94,-0.21,-0.9154,35384.57,81026.453
621,600893.SH,20180814,23.43,23.47,22.9,22.94,23.45,-0.51,-2.1748,39388.35,90811.545
622,600893.SH,20180813,23.0,23.56,22.82,23.45,23.24,0.21,0.9036,45417.59,105195.516
623,600893.SH,20180810,22.9,23.3,22.83,23.24,22.97,0.27,1.1754,44854.3,103602.998
624,600893.SH,20180809,21.99,23.05,21.96,22.97,22.08,0.89,4.0308,63941.2,145398.462
625,600893.SH,20180808,22.62,22.62,22.0,22.08,22.58,-0.5,-2.2143,29553.98,65855.145
626,600893.SH,20180807,22.06,22.59,22.02,22.58,22.02,0.56,2.5431,37287.78,83301.379
627,600893.SH,20180806,22.65,22.7,21.93,22.02,22.75,-0.73,-3.2088,51985.72,115838.627
628,600893.SH,20180803,22.63,23.01,22.33,22.75,22.49,0.26,1.1561,53729.54,122313.951
629,600893.SH,20180802,23.28,23.28,22.1,22.49,23.4,-0.91,-3.8889,114912.46,257553.156
630,600893.SH,20180801,23.91,24.38,23.28,23.4,23.83,-0.43,-1.8044,59334.9,141574.194
631,600893.SH,20180731,23.73,23.97,23.6,23.83,23.69,0.14,0.591,32281.45,76819.417
632,600893.SH,20180730,24.2,24.29,23.47,23.69,24.3,-0.61,-2.5103,69252.42,164558.315
633,600893.SH,20180727,24.39,24.46,24.16,24.3,24.31,-0.01,-0.0411,33521.52,81412.692
634,600893.SH,20180726,24.7,24.7,24.2,24.31,24.55,-0.24,-0.9776,40946.17,99753.235
635,600893.SH,20180725,24.77,25.07,24.46,24.55,24.79,-0.24,-0.9681,64160.41,158363.852
636,600893.SH,20180724,24.83,25.1,24.64,24.79,24.77,0.02,0.0807,63213.6,157107.431
637,600893.SH,20180723,24.14,25.03,24.03,24.77,24.02,0.75,3.1224,148219.5,367907.325
638,600893.SH,20180720,23.14,24.1,23.11,24.02,23.1,0.92,3.9827,102631.81,244454.752
639,600893.SH,20180719,23.68,23.69,22.95,23.1,23.6,-0.5,-2.12,47458.06,110558.041
640,600893.SH,20180718,23.8,23.92,23.56,23.6,23.85,-0.25,-1.05,35818.52,84946.671
641,600893.SH,20180717,23.91,24.0,23.44,23.85,23.97,-0.12,-0.5,56390.69,133403.642
642,600893.SH,20180716,23.53,24.22,23.46,23.97,23.53,0.44,1.87,90110.52,215829.203
643,600893.SH,20180713,24.08,24.08,23.38,23.53,24.12,-0.59,-2.45,78774.09,186334.145
644,600893.SH,20180712,23.59,24.28,23.42,24.12,23.6,0.52,2.2,93990.95,225538.988
645,600893.SH,20180711,23.8,24.03,23.13,23.6,23.93,-0.33,-1.38,84921.99,200906.625
646,600893.SH,20180710,24.04,24.15,23.78,23.93,23.9,0.03,0.13,45356.06,108655.977
647,600893.SH,20180709,23.3,24.09,23.15,23.9,23.3,0.6,2.58,73074.89,174048.91
648,600893.SH,20180706,22.96,23.69,22.73,23.3,22.97,0.33,1.44,70954.41,165366.673
649,600893.SH,20180705,23.57,23.58,22.95,22.97,23.59,-0.62,-2.63,52023.15,120719.788
650,600893.SH,20180704,23.89,23.91,23.35,23.59,23.9,-0.31,-1.3,84160.74,198746.0
651,600893.SH,20180703,22.8,24.28,22.74,23.9,22.41,1.49,6.65,164638.43,388695.41
652,600893.SH,20180702,22.32,22.73,22.17,22.41,22.32,0.09,0.4,64648.12,145322.281
653,600893.SH,20180629,21.65,22.41,21.65,22.32,21.7,0.62,2.86,47798.65,105883.326
654,600893.SH,20180628,21.88,22.3,21.5,21.7,21.89,-0.19,-0.87,58740.01,128686.956
655,600893.SH,20180627,21.85,22.0,21.57,21.89,21.81,0.08,0.37,57104.66,124476.696
656,600893.SH,20180626,20.42,21.83,20.42,21.81,21.03,0.78,3.71,75964.64,162968.665
657,600893.SH,20180625,21.38,21.43,20.99,21.03,21.19,-0.16,-0.76,59371.43,125953.456
658,600893.SH,20180622,20.54,21.34,20.31,21.19,20.7,0.49,2.37,70450.78,148044.095
659,600893.SH,20180621,22.09,22.09,20.66,20.7,22.03,-1.33,-6.04,122832.01,261944.705
660,600893.SH,20180620,21.8,22.44,21.77,22.03,21.99,0.04,0.18,83002.92,183666.834
661,600893.SH,20180619,22.9,23.4,21.63,21.99,23.16,-1.17,-5.05,117510.01,262353.959
662,600893.SH,20180615,23.66,23.86,23.03,23.16,23.62,-0.46,-1.95,49185.92,114991.573
663,600893.SH,20180614,23.5,23.77,23.46,23.75,23.58,0.17,0.72,34111.26,80495.466
664,600893.SH,20180613,24.1,24.13,23.57,23.58,24.04,-0.46,-1.91,41790.82,99799.893
665,600893.SH,20180612,23.81,24.09,23.67,24.04,23.8,0.24,1.01,29637.44,71016.667
666,600893.SH,20180611,23.69,23.86,23.48,23.8,23.75,0.05,0.21,35163.59,83360.62
667,600893.SH,20180608,24.39,24.39,23.68,23.75,24.4,-0.65,-2.66,69979.18,167230.083
668,600893.SH,20180607,24.74,24.81,24.33,24.4,24.69,-0.29,-1.17,37726.32,92499.777
669,600893.SH,20180606,24.51,24.91,24.36,24.69,24.55,0.14,0.57,65303.51,161344.911
670,600893.SH,20180605,24.07,24.58,24.0,24.55,24.0,0.55,2.29,58897.67,143487.776
671,600893.SH,20180604,24.0,24.15,23.9,24.0,23.88,0.12,0.5,41708.0,100132.402
672,600893.SH,20180601,24.0,24.49,23.69,23.88,24.06,-0.18,-0.75,77921.85,187276.983
673,600893.SH,20180531,24.01,24.13,23.81,24.06,23.91,0.15,0.63,67410.54,161683.136
674,600893.SH,20180530,24.21,24.43,23.9,23.91,24.48,-0.57,-2.33,81791.17,197065.388
675,600893.SH,20180529,24.55,24.68,24.35,24.48,24.54,-0.06,-0.24,49623.17,121522.976
676,600893.SH,20180528,24.83,24.86,24.4,24.54,24.83,-0.29,-1.17,53939.02,132580.169
677,600893.SH,20180525,24.95,25.2,24.64,24.83,24.8,0.03,0.12,67940.3,169301.987
678,600893.SH,20180524,25.25,25.35,24.77,24.8,25.3,-0.5,-1.98,101485.39,253583.755
679,600893.SH,20180523,25.48,25.71,25.28,25.3,25.66,-0.36,-1.4,69533.82,177300.933
680,600893.SH,20180522,25.72,25.79,25.27,25.66,25.87,-0.21,-0.81,84891.13,216486.514
681,600893.SH,20180521,25.95,26.09,25.53,25.87,25.75,0.12,0.47,86111.83,222041.852
682,600893.SH,20180518,25.51,25.83,25.38,25.75,25.52,0.23,0.9,50335.11,128963.104
683,600893.SH,20180517,26.01,26.06,25.42,25.52,26.06,-0.54,-2.07,71943.88,184539.236
684,600893.SH,20180516,25.65,26.21,25.45,26.06,25.65,0.41,1.6,136177.2,352911.349
685,600893.SH,20180515,25.16,25.68,25.16,25.65,24.93,0.72,2.89,90336.83,229865.983
686,600893.SH,20180514,25.6,25.69,24.9,24.93,25.58,-0.65,-2.54,117351.74,295367.797
687,600893.SH,20180511,25.52,25.68,25.37,25.58,25.51,0.07,0.27,76240.13,194425.648
688,600893.SH,20180510,26.09,26.14,25.33,25.51,25.97,-0.46,-1.77,160388.43,410785.602
689,600893.SH,20180509,26.22,26.34,25.78,25.97,26.26,-0.29,-1.1,99268.58,258632.283
690,600893.SH,20180508,26.36,27.01,26.11,26.26,26.28,-0.02,-0.08,167937.34,447502.594
691,600893.SH,20180507,26.16,26.36,25.87,26.28,26.01,0.27,1.04,100365.94,262538.604
692,600893.SH,20180504,26.4,26.43,25.95,26.01,26.19,-0.18,-0.69,104333.72,272959.447
693,600893.SH,20180503,26.76,26.76,25.5,26.19,26.73,-0.54,-2.02,197399.68,512898.183
694,600893.SH,20180502,26.8,27.1,26.38,26.73,26.82,-0.09,-0.34,100051.91,267562.973
695,600893.SH,20180427,28.3,28.43,26.66,26.82,28.09,-1.27,-4.52,245307.62,666939.391
696,600893.SH,20180426,28.6,29.06,27.95,28.09,28.69,-0.6,-2.09,170796.31,485802.2
697,600893.SH,20180425,27.74,28.89,27.62,28.69,27.93,0.76,2.72,211966.27,603608.374
698,600893.SH,20180424,27.3,28.1,26.95,27.93,27.29,0.64,2.35,140513.76,388078.134
699,600893.SH,20180423,28.5,28.81,26.8,27.29,28.56,-1.27,-4.45,207295.35,574809.948
700,600893.SH,20180420,28.4,29.33,28.4,28.56,28.71,-0.15,-0.52,230307.09,664684.75
701,600893.SH,20180419,27.78,29.8,27.71,28.71,27.93,0.78,2.79,449602.34,1292781.384
702,600893.SH,20180418,26.95,28.0,26.3,27.93,26.69,1.24,4.65,239471.81,648622.837
703,600893.SH,20180417,27.77,28.3,26.53,26.69,27.77,-1.08,-3.89,189650.08,522279.927
704,600893.SH,20180416,27.77,27.85,27.21,27.77,27.65,0.12,0.43,130073.46,358703.505
705,600893.SH,20180413,27.65,28.13,27.58,27.65,27.46,0.19,0.69,124247.28,345840.38
706,600893.SH,20180412,27.7,28.0,27.42,27.46,27.84,-0.38,-1.36,102240.33,283088.958
707,600893.SH,20180411,27.51,27.9,27.21,27.84,27.48,0.36,1.31,144899.46,400192.432
708,600893.SH,20180410,28.5,28.5,27.07,27.48,28.52,-1.04,-3.65,191858.55,530161.884
709,600893.SH,20180409,28.5,28.75,27.73,28.52,28.63,-0.11,-0.38,219690.42,623617.694
710,600893.SH,20180404,28.2,29.78,28.16,28.63,28.22,0.41,1.45,334890.88,970981.029
711,600893.SH,20180403,28.4,28.93,27.68,28.22,28.82,-0.6,-2.08,214950.12,607147.503
712,600893.SH,20180402,28.55,29.45,28.22,28.82,28.26,0.56,1.98,333343.81,961603.291
713,600893.SH,20180330,27.2,28.68,27.05,28.26,27.33,0.93,3.4,291298.15,817122.183
714,600893.SH,20180329,27.79,28.17,27.0,27.33,27.79,-0.46,-1.66,185136.91,506975.674
715,600893.SH,20180328,26.79,28.13,26.7,27.79,27.21,0.58,2.13,300473.05,833797.119
716,600893.SH,20180327,26.98,27.49,26.57,27.21,26.47,0.74,2.8,259344.13,701692.411
717,600893.SH,20180326,25.35,26.48,25.33,26.47,25.13,1.34,5.33,217974.72,566724.576
718,600893.SH,20180323,25.0,25.75,24.61,25.13,25.91,-0.78,-3.01,164508.6,414481.882
719,600893.SH,20180322,26.34,26.5,25.9,25.91,26.48,-0.57,-2.15,110904.99,290388.877
720,600893.SH,20180321,26.08,27.17,26.02,26.48,26.13,0.35,1.34,195677.91,521045.965
721,600893.SH,20180320,25.7,26.6,25.45,26.13,25.91,0.22,0.85,80604.88,209233.546
722,600893.SH,20180319,25.63,26.49,25.63,25.91,25.65,0.26,1.01,114073.12,298051.391
723,600893.SH,20180316,25.96,26.14,25.62,25.65,26.0,-0.35,-1.35,67577.44,175221.488
724,600893.SH,20180315,25.79,26.49,25.75,26.0,25.96,0.04,0.15,98342.65,256425.579
725,600893.SH,20180314,26.38,26.49,25.66,25.96,26.57,-0.61,-2.3,155243.35,403458.843
726,600893.SH,20180313,27.45,27.56,26.44,26.57,27.38,-0.81,-2.96,129731.84,349876.68
727,600893.SH,20180312,27.26,27.57,27.03,27.38,27.29,0.09,0.33,141465.81,386274.156
728,600893.SH,20180309,26.6,27.76,26.29,27.29,26.65,0.64,2.4,212298.43,575103.256
729,600893.SH,20180308,26.4,26.75,26.1,26.65,26.4,0.25,0.95,102210.36,271016.117
730,600893.SH,20180307,27.17,27.17,26.36,26.4,27.1,-0.7,-2.58,129138.82,344694.631
731,600893.SH,20180306,27.01,27.45,26.65,27.1,26.9,0.2,0.74,192601.03,521717.368
732,600893.SH,20180305,26.78,26.95,26.26,26.9,26.21,0.69,2.63,180226.16,480394.091
733,600893.SH,20180302,25.79,26.69,25.7,26.21,26.09,0.12,0.46,148769.53,390515.004
734,600893.SH,20180301,25.79,26.49,25.44,26.09,25.91,0.18,0.69,178565.69,462562.373
735,600893.SH,20180228,25.78,27.65,25.45,25.91,26.21,-0.3,-1.14,263317.57,698419.94
736,600893.SH,20180227,24.42,26.8,24.31,26.21,24.42,1.79,7.33,305926.8,787179.651
737,600893.SH,20180226,23.55,24.52,23.46,24.42,23.42,1.0,4.27,140745.88,340326.85
738,600893.SH,20180223,23.07,23.8,23.02,23.42,23.17,0.25,1.08,69561.76,163159.283
739,600893.SH,20180222,22.96,23.29,22.78,23.17,22.76,0.41,1.8,53897.12,124425.418
740,600893.SH,20180214,23.16,23.26,22.56,22.76,23.19,-0.43,-1.85,74362.38,169603.379
741,600893.SH,20180213,23.5,24.0,23.14,23.19,23.39,-0.2,-0.86,85697.68,201912.291
742,600893.SH,20180212,23.17,23.85,23.17,23.39,22.96,0.43,1.87,76645.93,179911.052
743,600893.SH,20180209,23.41,24.25,22.41,22.96,24.04,-1.08,-4.49,114989.39,268517.487
744,600893.SH,20180208,23.03,24.43,22.96,24.04,23.04,1.0,4.34,96609.26,230625.853
745,600893.SH,20180207,23.35,23.77,22.1,23.04,23.02,0.02,0.09,108767.95,250743.587
746,600893.SH,20180206,24.2,24.5,23.01,23.02,24.56,-1.54,-6.27,98065.67,233050.683
747,600893.SH,20180205,24.3,24.9,24.3,24.56,24.92,-0.36,-1.44,39158.92,96437.671
748,600893.SH,20180202,23.99,25.02,23.81,24.92,24.06,0.86,3.57,84480.5,207353.191
749,600893.SH,20180201,24.99,25.05,23.93,24.06,24.91,-0.85,-3.41,102360.34,249546.488
750,600893.SH,20180131,25.67,25.81,24.9,24.91,25.69,-0.78,-3.04,68491.56,172340.989
751,600893.SH,20180130,25.7,26.05,25.62,25.69,25.8,-0.11,-0.43,40550.87,104661.104
752,600893.SH,20180129,26.19,26.53,25.71,25.8,26.19,-0.39,-1.49,67503.34,175603.057
753,600893.SH,20180126,26.11,26.65,26.1,26.19,26.39,-0.2,-0.76,68071.85,179041.566
754,600893.SH,20180125,25.34,27.24,25.29,26.39,25.32,1.07,4.23,213166.43,561487.472
755,600893.SH,20180124,25.09,25.5,24.84,25.32,25.02,0.3,1.2,74331.99,187319.071
756,600893.SH,20180123,24.88,25.2,24.72,25.02,24.91,0.11,0.44,61515.52,153527.846
757,600893.SH,20180122,24.75,25.01,24.42,24.91,24.74,0.17,0.69,63401.64,156915.774
758,600893.SH,20180119,24.61,25.44,24.6,24.74,24.61,0.13,0.53,111683.16,278851.633
759,600893.SH,20180118,24.54,24.66,24.29,24.61,24.54,0.07,0.29,63947.18,156346.682
760,600893.SH,20180117,24.62,24.95,24.0,24.54,24.6,-0.06,-0.24,93423.0,228282.112
761,600893.SH,20180116,24.56,25.14,24.46,24.6,24.68,-0.08,-0.32,75918.95,187311.806
762,600893.SH,20180115,26.08,26.08,24.6,24.68,26.16,-1.48,-5.66,174700.83,442224.152
763,600893.SH,20180112,26.28,26.49,26.1,26.16,26.26,-0.1,-0.38,61260.48,160843.784
764,600893.SH,20180111,26.37,26.37,26.08,26.26,26.41,-0.15,-0.57,87297.7,228634.487
765,600893.SH,20180110,26.78,26.87,26.25,26.41,26.84,-0.43,-1.6,73606.2,194760.705
766,600893.SH,20180109,26.3,27.15,26.29,26.84,26.3,0.54,2.05,119694.11,321457.564
767,600893.SH,20180108,26.49,26.57,26.21,26.3,26.56,-0.26,-0.98,70418.89,185446.147
768,600893.SH,20180105,27.08,27.09,26.45,26.56,27.09,-0.53,-1.96,117456.24,313006.529
769,600893.SH,20180104,27.23,27.26,26.95,27.09,27.23,-0.14,-0.51,81183.31,219666.499
770,600893.SH,20180103,26.77,27.35,26.76,27.23,26.79,0.44,1.64,82574.73,223616.474
771,600893.SH,20180102,27.1,27.13,26.61,26.79,26.91,-0.12,-0.45,75753.55,202916.381
772,600893.SH,20171229,26.87,27.06,26.33,26.91,26.72,0.19,0.71,63648.96,169467.836
773,600893.SH,20171228,27.0,27.23,26.7,26.72,27.08,-0.36,-1.33,59050.65,158654.264
774,600893.SH,20171227,27.21,27.41,26.99,27.08,27.25,-0.17,-0.62,42543.97,115524.672
775,600893.SH,20171226,27.16,27.28,26.93,27.25,27.02,0.23,0.85,24738.07,67124.693
776,600893.SH,20171225,28.06,28.15,26.9,27.02,28.04,-1.02,-3.64,68117.55,186275.308
777,600893.SH,20171222,28.23,28.23,27.9,28.04,28.05,-0.01,-0.04,28065.9,78789.857
778,600893.SH,20171221,27.7,28.24,27.51,28.05,27.76,0.29,1.04,41700.56,116430.842
779,600893.SH,20171220,28.48,28.59,27.58,27.76,28.49,-0.73,-2.56,57319.75,160547.294
780,600893.SH,20171219,28.38,28.74,28.26,28.49,28.39,0.1,0.35,44834.86,127675.285
781,600893.SH,20171218,28.5,28.83,28.33,28.39,28.59,-0.2,-0.7,36657.94,104433.039
782,600893.SH,20171215,28.66,29.06,28.45,28.59,28.81,-0.22,-0.76,55567.03,159922.201
783,600893.SH,20171214,28.47,28.95,28.29,28.81,28.47,0.34,1.19,54144.76,155246.139
784,600893.SH,20171213,28.55,28.68,28.21,28.47,28.57,-0.1,-0.35,46519.86,132312.159
785,600893.SH,20171212,28.65,28.88,28.35,28.57,28.71,-0.14,-0.49,62226.0,177894.697
786,600893.SH,20171211,28.36,28.88,28.22,28.71,28.4,0.31,1.09,66740.19,190726.886
787,600893.SH,20171208,28.3,28.59,28.17,28.4,28.25,0.15,0.53,51778.36,147109.32
788,600893.SH,20171207,27.6,28.92,27.55,28.25,27.72,0.53,1.91,105805.55,300269.222
789,600893.SH,20171206,27.3,27.85,27.15,27.72,27.26,0.46,1.69,46629.89,128444.653
790,600893.SH,20171205,27.74,28.05,27.0,27.26,27.37,-0.11,-0.4,53765.01,148290.97
791,600893.SH,20171204,27.72,27.88,27.3,27.37,27.67,-0.3,-1.08,43375.06,119616.539
792,600893.SH,20171201,27.29,27.7,27.0,27.67,27.41,0.26,0.95,44126.7,120673.3
793,600893.SH,20171130,27.56,28.1,27.34,27.41,27.58,-0.17,-0.62,48674.68,134712.775
794,600893.SH,20171129,27.34,27.66,27.12,27.58,27.31,0.27,0.99,48163.34,131913.978
795,600893.SH,20171128,26.92,27.47,26.92,27.31,26.81,0.5,1.87,49291.24,133792.748
796,600893.SH,20171127,27.7,27.91,26.78,26.81,27.64,-0.83,-3.0,60747.89,165777.927
797,600893.SH,20171124,27.31,27.88,27.31,27.64,27.35,0.29,1.06,44529.02,122939.347
798,600893.SH,20171123,28.4,28.78,27.24,27.35,28.5,-1.15,-4.04,85802.58,240268.142
799,600893.SH,20171122,27.72,28.86,27.68,28.5,27.68,0.82,2.96,119492.55,339181.934
800,600893.SH,20171121,28.05,28.65,27.65,27.68,28.03,-0.35,-1.25,73351.65,205898.751
801,600893.SH,20171120,27.9,28.16,26.87,28.03,27.88,0.15,0.54,69071.81,190338.513
802,600893.SH,20171117,29.65,29.75,27.8,27.88,29.6,-1.72,-5.81,133527.76,381088.548
803,600893.SH,20171116,30.0,30.15,29.51,29.6,30.03,-0.43,-1.43,47754.39,142412.53
804,600893.SH,20171115,30.31,30.7,29.86,30.03,30.44,-0.41,-1.35,62337.44,188142.502
805,600893.SH,20171114,29.75,30.79,29.75,30.44,29.75,0.69,2.32,116316.8,352417.585
806,600893.SH,20171113,29.8,30.08,29.47,29.75,29.81,-0.06,-0.2,58254.23,173146.03
807,600893.SH,20171110,30.36,30.45,29.8,29.81,30.26,-0.45,-1.49,63137.76,189467.613
808,600893.SH,20171109,30.16,30.37,30.06,30.26,30.12,0.14,0.46,48900.57,147983.162
809,600893.SH,20171108,29.8,30.6,29.8,30.12,29.73,0.39,1.31,114793.73,347411.151
810,600893.SH,20171107,29.57,29.99,29.49,29.73,29.49,0.24,0.81,52971.6,157535.015
811,600893.SH,20171106,29.17,29.65,29.1,29.49,29.15,0.34,1.17,43617.64,128147.098
812,600893.SH,20171103,29.34,29.66,29.0,29.15,29.49,-0.34,-1.15,45689.37,134024.66
813,600893.SH,20171102,30.01,30.07,29.35,29.49,30.15,-0.66,-2.19,73485.52,217184.018
814,600893.SH,20171101,30.1,30.49,30.0,30.15,30.41,-0.26,-0.86,80753.77,243969.956
815,600893.SH,20171031,30.11,30.58,30.0,30.41,30.42,-0.01,-0.03,54737.38,166096.865
816,600893.SH,20171030,31.49,31.83,30.37,30.42,31.47,-1.05,-3.34,100811.12,310387.024
817,600893.SH,20171027,31.99,32.19,31.46,31.47,31.95,-0.48,-1.5,54347.86,172894.119
818,600893.SH,20171026,31.3,32.11,31.19,31.95,31.26,0.69,2.21,75961.09,240329.095
819,600893.SH,20171025,31.34,31.68,31.08,31.26,31.44,-0.18,-0.57,70345.6,220402.078
820,600893.SH,20171024,32.1,32.19,31.22,31.44,31.89,-0.45,-1.41,62299.85,197558.72
821,600893.SH,20171023,32.15,32.39,31.78,31.89,32.08,-0.19,-0.59,50170.76,160406.98
822,600893.SH,20171020,31.05,32.09,31.05,32.08,31.11,0.97,3.12,66323.15,209903.065
823,600893.SH,20171019,31.86,31.98,31.06,31.11,31.73,-0.62,-1.95,68962.42,216003.746
824,600893.SH,20171018,32.42,32.6,31.72,31.73,32.41,-0.68,-2.1,94483.9,302955.239
825,600893.SH,20171017,32.14,32.7,32.12,32.41,32.3,0.11,0.34,84123.34,272455.73
826,600893.SH,20171016,31.73,33.14,31.56,32.3,31.74,0.56,1.76,184671.94,600154.002
827,600893.SH,20171013,31.77,32.1,31.51,31.74,31.81,-0.07,-0.22,81017.39,257414.977
828,600893.SH,20171012,31.1,32.47,30.99,31.81,31.09,0.72,2.32,189578.03,604111.914
829,600893.SH,20171011,30.7,31.47,30.55,31.09,30.7,0.39,1.27,87993.79,273247.558
830,600893.SH,20171010,30.77,30.78,30.53,30.7,30.69,0.01,0.03,67261.08,206164.284
831,600893.SH,20171009,31.36,31.63,30.58,30.69,31.27,-0.58,-1.85,108449.93,335940.004
832,600893.SH,20170929,31.45,31.85,31.12,31.27,31.3,-0.03,-0.1,60819.9,191202.915
833,600893.SH,20170928,31.15,31.52,30.85,31.3,31.06,0.24,0.77,62249.6,194990.316
834,600893.SH,20170927,30.8,31.22,30.71,31.06,30.75,0.31,1.01,64378.67,199968.973
835,600893.SH,20170926,30.31,30.88,30.13,30.75,30.29,0.46,1.52,62213.41,190230.751
836,600893.SH,20170925,30.44,30.88,30.27,30.29,30.6,-0.31,-1.01,54084.02,165520.807
837,600893.SH,20170922,30.99,30.99,30.35,30.6,31.01,-0.41,-1.32,78719.45,240575.714
838,600893.SH,20170921,31.59,31.59,30.99,31.01,31.58,-0.57,-1.8,77419.99,241851.062
839,600893.SH,20170920,31.72,32.37,31.4,31.58,31.72,-0.14,-0.44,84181.6,266979.437
840,600893.SH,20170919,31.7,31.98,31.5,31.72,31.71,0.01,0.03,77136.43,245040.445
841,600893.SH,20170918,31.5,31.78,31.33,31.71,31.68,0.03,0.09,85293.37,269094.102
842,600893.SH,20170915,30.74,31.76,30.61,31.68,30.6,1.08,3.53,191061.04,600160.031
843,600893.SH,20170914,30.98,30.98,30.34,30.6,30.86,-0.26,-0.84,66175.47,202038.24
844,600893.SH,20170913,30.7,31.16,30.51,30.86,30.35,0.51,1.68,89374.42,276362.469
845,600893.SH,20170912,30.34,30.88,30.1,30.35,30.15,0.2,0.66,86546.68,264472.624
846,600893.SH,20170911,29.91,30.6,29.8,30.15,30.08,0.07,0.23,55928.88,169006.553
847,600893.SH,20170908,30.5,30.79,30.05,30.08,30.39,-0.31,-1.02,83843.39,255489.699
848,600893.SH,20170907,30.9,30.93,30.3,30.39,30.94,-0.55,-1.78,88248.24,269697.88
849,600893.SH,20170906,30.02,31.06,30.0,30.94,30.11,0.83,2.76,131003.76,403132.885
850,600893.SH,20170905,30.3,30.4,29.9,30.11,30.22,-0.11,-0.36,95869.23,288574.617
851,600893.SH,20170904,29.79,30.3,29.51,30.22,29.31,0.91,3.1,140381.77,421214.128
852,600893.SH,20170901,29.48,29.55,29.03,29.31,29.37,-0.06,-0.2,52526.33,153478.402
853,600893.SH,20170831,29.04,29.54,28.88,29.37,29.02,0.35,1.21,73520.91,215535.298
854,600893.SH,20170830,28.77,29.09,28.75,29.02,28.77,0.25,0.87,40318.6,116669.845
855,600893.SH,20170829,29.36,29.43,28.66,28.77,29.48,-0.71,-2.41,78474.85,227745.856
856,600893.SH,20170828,29.14,29.6,28.93,29.48,29.1,0.38,1.31,73881.43,216907.573
857,600893.SH,20170825,28.72,29.22,28.69,29.1,28.71,0.39,1.36,41872.15,121170.223
858,600893.SH,20170824,28.84,29.14,28.65,28.71,28.79,-0.08,-0.28,39073.66,112783.638
859,600893.SH,20170823,28.93,29.31,28.62,28.79,29.0,-0.21,-0.72,58392.81,168704.907
860,600893.SH,20170822,29.89,29.89,28.9,29.0,29.75,-0.75,-2.52,76002.86,222608.914
861,600893.SH,20170821,29.65,29.88,29.4,29.75,29.65,0.1,0.34,63420.05,187850.853
862,600893.SH,20170818,29.44,29.97,29.27,29.65,29.61,0.04,0.14,79782.78,236540.72
863,600893.SH,20170817,29.1,30.0,29.1,29.61,29.15,0.46,1.58,113570.15,337337.643
864,600893.SH,20170816,28.89,29.18,28.71,29.15,28.89,0.26,0.9,71504.78,206679.594
865,600893.SH,20170815,28.82,29.31,28.65,28.89,28.88,0.01,0.03,52054.28,150667.761
866,600893.SH,20170814,28.39,28.93,28.2,28.88,28.65,0.23,0.8,63729.03,182275.564
867,600893.SH,20170811,29.54,29.94,28.5,28.65,29.47,-0.82,-2.78,124080.42,364762.903
868,600893.SH,20170810,29.38,29.87,29.16,29.47,29.24,0.23,0.79,82949.18,244386.13
869,600893.SH,20170809,29.4,29.55,29.12,29.24,29.48,-0.24,-0.81,55317.65,162006.483
870,600893.SH,20170808,29.52,29.98,29.06,29.48,29.58,-0.1,-0.34,95376.48,281622.381
871,600893.SH,20170807,30.0,30.0,29.38,29.58,30.03,-0.45,-1.5,89902.46,265641.425
872,600893.SH,20170804,28.52,30.5,28.52,30.03,28.33,1.7,6.0,228190.07,679405.567
873,600893.SH,20170803,28.0,28.64,27.91,28.33,28.04,0.29,1.03,60034.33,170159.953
874,600893.SH,20170802,28.48,28.57,28.01,28.04,28.58,-0.54,-1.89,96183.56,271352.631
875,600893.SH,20170801,28.98,29.3,28.57,28.58,28.98,-0.4,-1.38,105593.96,304811.555
876,600893.SH,20170731,29.3,29.53,28.9,28.98,29.22,-0.24,-0.82,84428.43,246052.44
877,600893.SH,20170728,29.55,29.66,29.19,29.22,29.66,-0.44,-1.48,74508.11,218643.464
878,600893.SH,20170727,29.57,29.75,29.0,29.66,29.57,0.09,0.3,78399.83,231383.671
879,600893.SH,20170726,29.32,29.88,29.2,29.57,29.4,0.17,0.58,87739.13,258936.568
880,600893.SH,20170725,30.75,30.88,29.2,29.4,30.77,-1.37,-4.45,184427.45,551247.876
881,600893.SH,20170724,30.41,31.07,30.01,30.77,30.41,0.36,1.18,138219.26,423345.688
882,600893.SH,20170721,30.25,30.83,29.93,30.41,30.41,0.0,0.0,81292.1,247360.422
883,600893.SH,20170720,30.83,30.98,30.34,30.41,30.83,-0.42,-1.36,106324.64,325257.321
884,600893.SH,20170719,30.4,31.45,30.09,30.83,30.38,0.45,1.48,173208.57,533953.538
885,600893.SH,20170718,29.06,30.55,28.31,30.38,29.14,1.24,4.26,132368.1,387126.487
886,600893.SH,20170717,29.99,30.0,28.47,29.14,30.18,-1.04,-3.45,166894.94,487953.293
887,600893.SH,20170714,30.18,30.75,29.83,30.18,30.28,-0.1,-0.33,110037.7,332921.152
888,600893.SH,20170713,29.55,30.68,29.13,30.28,29.51,0.77,2.61,192886.06,580700.438
889,600893.SH,20170712,28.55,29.57,27.72,29.51,28.27,1.24,4.39,188691.76,540214.878
890,600893.SH,20170711,28.05,28.68,28.0,28.27,28.02,0.25,0.89,118896.81,336646.981
891,600893.SH,20170710,28.14,28.74,27.9,28.02,27.42,0.6,2.19,159866.32,453054.197
892,600893.SH,20170707,27.18,27.84,27.08,27.42,27.24,0.18,0.66,68048.07,186531.419
893,600893.SH,20170706,27.5,27.56,27.07,27.24,27.53,-0.29,-1.05,77903.01,212151.506
894,600893.SH,20170705,27.4,27.58,27.2,27.53,27.49,0.04,0.15,43663.21,119675.681
895,600893.SH,20170704,27.21,27.54,26.97,27.49,27.24,0.25,0.92,56941.76,155330.747
896,600893.SH,20170703,27.3,27.3,26.7,27.24,27.3,-0.06,-0.22,57112.71,153988.414
897,600893.SH,20170630,27.49,27.49,27.15,27.3,27.61,-0.31,-1.12,50877.55,138758.758
898,600893.SH,20170629,27.39,27.78,27.27,27.61,27.41,0.2,0.73,51508.77,141614.656
899,600893.SH,20170628,28.0,28.09,27.3,27.41,28.24,-0.83,-2.94,95708.32,263769.644
900,600893.SH,20170627,28.02,28.75,27.8,28.24,28.0,0.24,0.86,105209.37,297671.686
901,600893.SH,20170626,27.46,28.02,27.2,28.0,27.18,0.82,3.02,82658.47,228598.238
902,600893.SH,20170623,27.27,27.75,26.58,27.18,27.42,-0.24,-0.88,94045.34,254640.37
903,600893.SH,20170622,27.91,28.06,27.4,27.42,27.95,-0.53,-1.9,96638.68,267861.073
904,600893.SH,20170621,28.35,28.79,27.9,27.95,28.0,-0.05,-0.18,114191.54,323664.459
905,600893.SH,20170620,28.15,28.38,27.88,28.0,28.2,-0.2,-0.71,60431.43,169560.812
906,600893.SH,20170619,27.3,28.4,27.25,28.2,27.3,0.9,3.3,112164.58,313686.392
907,600893.SH,20170616,27.05,27.52,26.88,27.3,27.09,0.21,0.78,94974.82,258434.082
908,600893.SH,20170615,26.8,27.35,26.71,27.09,26.82,0.27,1.01,90052.52,243882.687
909,600893.SH,20170614,26.71,27.26,26.55,26.82,26.71,0.11,0.41,112684.07,304127.14
910,600893.SH,20170613,26.98,27.03,26.47,26.71,27.0,-0.29,-1.07,92722.59,247104.921
911,600893.SH,20170612,26.68,27.18,26.37,27.0,26.83,0.17,0.63,134893.92,360818.319
912,600893.SH,20170609,26.31,27.05,26.08,26.83,26.4,0.43,1.63,139139.72,370745.098
913,600893.SH,20170608,25.96,27.18,25.76,26.4,26.1,0.3,1.15,158761.04,420444.278
914,600893.SH,20170607,25.4,26.16,25.25,26.1,25.35,0.75,2.96,170402.57,441351.481
915,600893.SH,20170606,24.24,25.67,24.21,25.35,24.15,1.2,4.97,200698.59,506081.457
916,600893.SH,20170605,23.83,24.25,23.83,24.15,23.95,0.2,0.84,82326.94,198559.455
917,600893.SH,20170602,23.99,24.09,23.0,23.95,24.0,-0.05,-0.21,126969.32,298196.753
918,600893.SH,20170601,24.45,24.56,24.0,24.0,24.56,-0.56,-2.28,92780.37,224788.488
919,600893.SH,20170531,24.9,25.11,24.5,24.56,24.58,-0.02,-0.08,75051.09,186574.04
920,600893.SH,20170526,25.0,25.0,24.55,24.58,24.97,-0.39,-1.56,82924.46,204931.769
921,600893.SH,20170525,24.8,25.15,24.21,24.97,24.93,0.04,0.16,116010.44,286458.47
922,600893.SH,20170524,24.75,25.0,24.0,24.93,24.87,0.06,0.24,120364.08,294980.594
923,600893.SH,20170523,25.97,26.14,24.75,24.87,25.99,-1.12,-4.31,95320.16,241270.711
924,600893.SH,20170522,26.75,26.85,25.93,25.99,26.63,-0.64,-2.4,52167.54,137552.241
925,600893.SH,20170519,26.76,27.13,26.5,26.63,26.79,-0.16,-0.6,40536.0,108533.129
926,600893.SH,20170518,26.88,27.55,26.73,26.79,27.24,-0.45,-1.65,58737.3,158870.513
927,600893.SH,20170517,26.75,28.1,26.63,27.24,26.75,0.49,1.83,133251.6,366362.276
928,600893.SH,20170516,26.43,26.8,25.52,26.75,26.36,0.39,1.48,106592.31,278760.559
929,600893.SH,20170515,26.54,26.83,26.25,26.36,26.38,-0.02,-0.08,77261.89,204890.391
930,600893.SH,20170512,26.7,26.86,26.06,26.38,27.05,-0.67,-2.48,91424.53,242253.1
931,600893.SH,20170511,27.55,27.78,25.18,27.05,27.59,-0.54,-1.96,219276.44,585947.241
932,600893.SH,20170510,30.71,30.95,27.59,27.59,30.66,-3.07,-10.01,235505.97,678621.123
933,600893.SH,20170509,31.05,31.17,30.1,30.66,31.08,-0.42,-1.35,89877.3,274598.22
934,600893.SH,20170508,32.49,32.49,30.5,31.08,32.73,-1.65,-5.04,142792.83,449335.905
935,600893.SH,20170505,33.68,34.03,32.32,32.73,33.54,-0.81,-2.42,117269.42,388318.767
936,600893.SH,20170504,34.02,34.07,33.31,33.54,34.07,-0.53,-1.56,76877.78,258191.722
937,600893.SH,20170503,33.75,34.6,33.65,34.07,33.69,0.38,1.13,86683.2,295466.512
938,600893.SH,20170502,34.35,34.38,33.67,33.69,34.35,-0.66,-1.92,52495.87,177756.231
939,600893.SH,20170428,33.94,34.39,33.77,34.35,34.06,0.29,0.85,49865.38,170391.519
940,600893.SH,20170427,34.34,34.34,33.33,34.2,34.38,-0.18,-0.52,110954.07,375344.403
941,600893.SH,20170426,35.0,35.24,34.36,34.38,35.04,-0.66,-1.88,77615.59,270140.739
942,600893.SH,20170425,34.71,35.19,33.68,35.04,34.81,0.23,0.66,102480.26,354489.333
943,600893.SH,20170424,34.95,35.27,34.43,34.81,34.97,-0.16,-0.46,87163.05,303893.319
944,600893.SH,20170421,35.4,35.57,34.71,34.97,35.41,-0.44,-1.24,71082.69,249497.28
945,600893.SH,20170420,35.66,35.88,34.9,35.41,35.62,-0.21,-0.59,96405.66,340983.63
946,600893.SH,20170419,35.35,35.76,35.0,35.62,35.49,0.13,0.37,108959.7,386319.406
947,600893.SH,20170418,35.99,36.12,35.2,35.49,35.8,-0.31,-0.87,142567.37,508891.989
948,600893.SH,20170417,36.25,36.52,35.41,35.8,36.83,-1.03,-2.8,178371.05,638653.138
949,600893.SH,20170414,37.25,38.33,36.8,36.83,37.33,-0.5,-1.34,207071.11,776053.579
950,600893.SH,20170413,37.28,37.53,36.74,37.33,37.92,-0.59,-1.56,253998.81,942111.626
951,600893.SH,20170412,37.8,38.75,37.05,37.92,37.53,0.39,1.04,547396.54,2071979.711
952,600893.SH,20170411,34.0,37.53,34.0,37.53,34.12,3.41,9.99,527926.98,1932844.342
953,600893.SH,20170410,34.38,34.4,33.95,34.12,34.14,-0.02,-0.06,85338.93,291768.458
954,600893.SH,20170407,33.79,34.41,33.75,34.14,33.78,0.36,1.07,97756.25,334225.349
955,600893.SH,20170406,33.81,33.95,33.66,33.78,33.89,-0.11,-0.32,52272.6,176533.005
956,600893.SH,20170405,33.63,33.94,33.33,33.89,33.67,0.22,0.65,50235.23,169749.506
957,600893.SH,20170331,33.38,33.87,33.38,33.67,33.38,0.29,0.87,51596.73,173775.13
958,600893.SH,20170330,33.64,33.83,33.3,33.38,33.69,-0.31,-0.92,54267.79,181914.976
959,600893.SH,20170329,33.89,34.09,33.63,33.69,33.9,-0.21,-0.62,53307.32,180554.743
960,600893.SH,20170328,34.24,34.33,33.87,33.9,34.2,-0.3,-0.88,48125.83,163847.108
961,600893.SH,20170327,34.28,34.44,34.02,34.2,34.22,-0.02,-0.06,57742.67,197862.67
962,600893.SH,20170324,34.31,34.36,33.95,34.22,34.16,0.06,0.18,46728.02,159316.396
963,600893.SH,20170323,34.08,34.25,33.82,34.16,34.01,0.15,0.44,57004.2,194117.105
964,600893.SH,20170322,34.15,34.18,33.85,34.01,34.27,-0.26,-0.76,44077.83,149847.026
965,600893.SH,20170321,33.97,34.35,33.88,34.27,33.97,0.3,0.88,72613.24,247966.877
966,600893.SH,20170320,34.05,34.14,33.81,33.97,34.08,-0.11,-0.32,53587.44,182136.433
967,600893.SH,20170317,33.66,34.67,33.6,34.08,33.61,0.47,1.4,150971.56,516108.499
968,600893.SH,20170316,33.35,33.67,33.35,33.61,33.36,0.25,0.75,42289.35,141970.517
969,600893.SH,20170315,33.4,33.49,33.23,33.36,33.41,-0.05,-0.15,40373.42,134566.351
970,600893.SH,20170314,33.55,33.69,33.35,33.41,33.53,-0.12,-0.36,37161.49,124458.524
971,600893.SH,20170313,33.31,33.55,33.29,33.53,33.35,0.18,0.54,49184.54,164355.298
972,600893.SH,20170310,33.33,33.57,33.21,33.35,33.32,0.03,0.09,34101.35,113730.326
973,600893.SH,20170309,33.7,33.78,33.29,33.32,33.84,-0.52,-1.54,57512.44,192641.682
974,600893.SH,20170308,33.99,34.24,33.76,33.84,33.83,0.01,0.03,60346.62,204926.934
975,600893.SH,20170307,34.1,34.1,33.71,33.83,34.08,-0.25,-0.73,37488.09,126954.555
976,600893.SH,20170306,33.79,34.11,33.56,34.08,33.78,0.3,0.89,59981.23,203015.295
977,600893.SH,20170303,33.56,34.0,33.5,33.78,33.55,0.23,0.69,57952.82,195966.264
978,600893.SH,20170302,33.8,33.88,33.54,33.55,33.72,-0.17,-0.5,37648.53,126857.125
979,600893.SH,20170301,33.49,34.0,33.47,33.72,33.51,0.21,0.63,52153.37,176351.347
980,600893.SH,20170228,33.38,33.6,33.38,33.51,33.38,0.13,0.39,27085.32,90772.613
981,600893.SH,20170227,33.73,33.73,33.3,33.38,33.73,-0.35,-1.04,39905.37,133658.852
982,600893.SH,20170224,33.55,33.9,33.53,33.73,33.63,0.1,0.3,48220.9,162382.696
983,600893.SH,20170223,34.13,34.14,33.48,33.63,34.14,-0.51,-1.49,65510.39,221252.521
984,600893.SH,20170222,34.2,34.22,34.0,34.14,34.21,-0.07,-0.2,34176.31,116510.146
985,600893.SH,20170221,34.17,34.25,33.98,34.21,34.17,0.04,0.12,54303.82,185180.795
986,600893.SH,20170220,34.3,34.38,33.94,34.17,34.28,-0.11,-0.32,62999.93,214831.489
987,600893.SH,20170217,34.12,34.45,34.0,34.28,34.18,0.1,0.29,55203.03,189086.156
988,600893.SH,20170216,34.15,34.28,34.0,34.18,34.15,0.03,0.09,35061.23,119644.724
989,600893.SH,20170215,34.35,34.35,34.01,34.15,34.22,-0.07,-0.2,41052.9,140061.136
990,600893.SH,20170214,34.35,34.49,34.05,34.22,34.34,-0.12,-0.35,40276.23,137809.153
991,600893.SH,20170213,34.25,34.4,34.06,34.34,34.46,-0.12,-0.35,47631.15,163030.661
992,600893.SH,20170210,34.54,34.78,34.35,34.46,34.59,-0.13,-0.38,57053.6,197304.524
993,600893.SH,20170209,34.7,34.7,34.44,34.59,34.59,0.0,0.0,41558.11,143713.889
994,600893.SH,20170208,34.05,34.69,33.97,34.59,34.12,0.47,1.38,53716.73,184752.061
995,600893.SH,20170207,34.66,34.79,34.0,34.12,34.67,-0.55,-1.59,56651.65,194029.113
996,600893.SH,20170206,34.6,34.95,34.52,34.67,34.72,-0.05,-0.14,55101.35,191242.397
997,600893.SH,20170203,34.78,34.93,34.62,34.72,34.71,0.01,0.03,37504.75,130490.465
998,600893.SH,20170126,34.74,34.84,34.56,34.71,34.72,-0.01,-0.03,32385.59,112336.066
999,600893.SH,20170125,34.2,34.73,34.15,34.72,34.27,0.45,1.31,46874.85,161866.694
1000,600893.SH,20170124,34.68,34.68,34.22,34.27,34.48,-0.21,-0.61,34173.1,117587.173
1001,600893.SH,20170123,34.6,34.9,34.29,34.48,34.46,0.02,0.06,51115.82,176933.442
1002,600893.SH,20170120,34.12,34.47,34.06,34.46,34.13,0.33,0.97,49627.01,170586.253
1003,600893.SH,20170119,34.19,34.41,34.05,34.13,34.09,0.04,0.12,43173.2,147777.047
1004,600893.SH,20170118,34.1,34.49,34.03,34.09,34.44,-0.35,-1.02,43565.33,148960.904
1005,600893.SH,20170117,33.8,34.54,33.8,34.44,34.17,0.27,0.79,70034.13,239774.2
1006,600893.SH,20170116,33.49,34.25,32.9,34.17,33.62,0.55,1.64,122176.94,409263.12
1007,600893.SH,20170113,33.45,33.84,33.35,33.62,33.48,0.14,0.42,57521.92,193137.001
1008,600893.SH,20170112,33.84,34.0,33.39,33.48,33.99,-0.51,-1.5,55056.11,184879.407
1009,600893.SH,20170111,34.44,34.88,33.8,33.99,34.33,-0.34,-0.99,87035.61,298799.577
1010,600893.SH,20170110,34.86,34.86,34.25,34.33,34.87,-0.54,-1.55,71247.15,245789.831
1011,600893.SH,20170109,33.9,35.08,33.66,34.87,33.83,1.04,3.07,131611.87,455114.44
1012,600893.SH,20170106,34.12,34.26,33.63,33.83,33.98,-0.15,-0.44,62805.85,213038.025
1013,600893.SH,20170105,33.63,34.5,33.43,33.98,33.63,0.35,1.04,117723.68,401798.904
1014,600893.SH,20170104,33.6,33.73,33.3,33.63,33.52,0.11,0.33,56185.09,188530.557
1015,600893.SH,20170103,32.75,33.73,32.75,33.52,32.74,0.78,2.38,69661.27,232973.242
1016,600893.SH,20161230,32.56,32.87,32.5,32.74,32.55,0.19,0.58,45819.65,149873.845
1017,600893.SH,20161229,32.61,32.79,32.46,32.55,32.53,0.02,0.06,27669.12,90220.312
1018,600893.SH,20161228,32.66,33.03,32.5,32.53,32.56,-0.03,-0.09,39195.66,128541.116
1019,600893.SH,20161227,32.8,32.82,32.55,32.56,32.91,-0.35,-1.06,26670.84,87115.941
1020,600893.SH,20161226,32.8,32.97,32.23,32.91,33.06,-0.15,-0.45,45589.1,148303.462
1021,600893.SH,20161223,33.09,33.26,32.91,33.06,33.12,-0.06,-0.18,42187.56,139562.865
1022,600893.SH,20161222,33.24,33.44,33.05,33.12,33.18,-0.06,-0.18,45893.98,152464.788
1023,600893.SH,20161221,33.03,33.61,32.95,33.18,33.03,0.15,0.45,75774.78,251906.861
1024,600893.SH,20161220,33.38,33.53,32.78,33.03,33.41,-0.38,-1.14,57247.86,189001.691
1025,600893.SH,20161219,33.4,33.65,33.17,33.41,33.43,-0.02,-0.06,42938.52,143283.898
1026,600893.SH,20161216,33.59,33.67,33.13,33.43,33.74,-0.31,-0.92,69354.25,231599.756
1027,600893.SH,20161215,33.0,34.47,32.88,33.74,33.39,0.35,1.05,149214.13,506320.721
1028,600893.SH,20161214,32.44,34.5,32.04,33.39,32.35,1.04,3.21,148517.31,496114.741
1029,600893.SH,20161213,32.16,32.62,32.0,32.35,32.15,0.2,0.62,55332.36,178801.109
1030,600893.SH,20161212,33.3,33.55,31.99,32.15,33.18,-1.03,-3.1,96923.08,316599.508
1031,600893.SH,20161209,33.86,34.1,33.15,33.18,33.96,-0.78,-2.3,120727.25,404283.815
1032,600893.SH,20161208,34.33,34.46,33.92,33.96,34.2,-0.24,-0.7,67634.44,231247.804
1033,600893.SH,20161207,34.15,34.45,34.1,34.2,34.18,0.02,0.06,56661.84,194191.641
1034,600893.SH,20161206,34.73,34.8,34.13,34.18,34.56,-0.38,-1.1,44885.87,154312.49
1035,600893.SH,20161205,34.04,35.1,34.03,34.56,34.42,0.14,0.41,73176.77,253877.018
1036,600893.SH,20161202,34.98,35.07,34.4,34.42,34.93,-0.51,-1.46,71237.23,247717.447
1037,600893.SH,20161201,35.15,35.17,34.85,34.93,35.04,-0.11,-0.31,58912.35,206107.662
1038,600893.SH,20161130,34.8,35.18,34.8,35.04,34.93,0.11,0.31,75785.8,265192.311
1039,600893.SH,20161129,34.63,35.14,34.57,34.93,34.58,0.35,1.01,113376.12,396170.119
1040,600893.SH,20161128,34.61,34.87,34.5,34.58,34.69,-0.11,-0.32,58010.0,201075.334
1041,600893.SH,20161125,34.57,34.87,34.28,34.69,34.46,0.23,0.67,59982.67,207599.983
1042,600893.SH,20161124,34.98,34.99,34.41,34.46,35.01,-0.55,-1.57,74879.6,258678.764
1043,600893.SH,20161123,34.7,35.31,34.59,35.01,34.65,0.36,1.04,106252.35,371196.827
1044,600893.SH,20161122,34.73,34.75,34.47,34.65,34.59,0.06,0.17,63319.35,219000.269
1045,600893.SH,20161121,34.64,34.86,34.55,34.59,34.64,-0.05,-0.14,44883.35,155779.725
1046,600893.SH,20161118,34.66,34.91,34.59,34.64,34.59,0.05,0.14,55525.36,192916.877
1047,600893.SH,20161117,34.49,34.72,34.4,34.59,34.47,0.12,0.35,44954.79,155381.791
1048,600893.SH,20161116,34.79,34.93,34.45,34.47,34.8,-0.33,-0.95,79145.94,274243.87
1049,600893.SH,20161115,35.2,35.29,34.53,34.8,35.3,-0.5,-1.42,100134.64,349087.307
1050,600893.SH,20161114,35.18,35.58,35.11,35.3,35.58,-0.28,-0.79,76917.43,271675.002
1051,600893.SH,20161111,35.55,35.76,35.09,35.58,35.56,0.02,0.06,86780.21,306970.788
1052,600893.SH,20161110,35.73,35.88,35.32,35.56,35.53,0.03,0.08,78003.09,277090.154
1053,600893.SH,20161109,35.2,35.79,35.0,35.53,35.43,0.1,0.28,111910.41,396614.411
1054,600893.SH,20161108,35.7,37.0,35.0,35.43,35.0,0.43,1.23,215716.38,776445.171
1055,600893.SH,20161010,34.5,35.02,34.48,35.0,34.31,0.69,2.01,44992.44,156722.453
1056,600893.SH,20160930,34.38,34.55,34.26,34.31,34.26,0.05,0.15,28542.07,98117.816
1057,600893.SH,20160929,34.4,34.51,34.26,34.26,34.4,-0.14,-0.41,29869.9,102805.642
1058,600893.SH,20160928,34.44,34.53,34.05,34.4,34.29,0.11,0.32,36365.03,124882.785
1059,600893.SH,20160927,33.88,34.5,33.82,34.29,34.0,0.29,0.85,41959.7,142966.155
1060,600893.SH,20160926,34.87,34.87,33.98,34.0,34.88,-0.88,-2.52,55172.92,189083.828
1061,600893.SH,20160923,35.1,35.18,34.84,34.88,35.14,-0.26,-0.74,36347.84,127015.079
1062,600893.SH,20160922,35.26,35.43,35.12,35.14,35.12,0.02,0.06,35538.86,125217.59
1063,600893.SH,20160921,35.06,35.25,35.01,35.12,35.03,0.09,0.26,29551.84,103887.414
1064,600893.SH,20160920,35.1,35.26,35.0,35.03,35.16,-0.13,-0.37,31977.84,112179.553
1065,600893.SH,20160919,35.02,35.28,35.02,35.16,35.01,0.15,0.43,40038.74,140696.795
1066,600893.SH,20160914,34.95,35.27,34.8,35.01,35.16,-0.15,-0.43,49858.94,174551.761
1067,600893.SH,20160913,35.28,35.43,34.89,35.16,35.12,0.04,0.11,50405.5,177121.127
1068,600893.SH,20160912,35.46,35.76,35.01,35.12,36.29,-1.17,-3.22,85133.35,301219.97
1069,600893.SH,20160909,36.62,36.93,36.26,36.29,36.63,-0.34,-0.93,56220.77,205783.014
1070,600893.SH,20160908,36.78,36.97,36.43,36.63,36.76,-0.13,-0.35,53006.85,194233.615
1071,600893.SH,20160907,36.99,37.38,36.75,36.76,36.87,-0.11,-0.3,83129.99,307838.709
1072,600893.SH,20160906,36.8,36.92,36.2,36.87,36.8,0.07,0.19,71757.62,262520.589
1073,600893.SH,20160905,36.99,37.15,36.6,36.8,36.7,0.1,0.27,70086.96,258329.215
1074,600893.SH,20160902,37.3,37.5,36.4,36.7,37.36,-0.66,-1.77,100029.93,368722.801
1075,600893.SH,20160901,37.83,38.46,37.3,37.36,37.83,-0.47,-1.24,125138.86,473975.918
1076,600893.SH,20160831,37.88,38.2,37.35,37.83,38.48,-0.65,-1.69,171073.76,646315.565
1077,600893.SH,20160830,37.1,39.6,36.6,38.48,36.92,1.56,4.23,325268.17,1250199.306
1078,600893.SH,20160829,38.88,38.88,36.8,36.92,35.92,1.0,2.78,279724.09,1052030.767
1079,600893.SH,20160826,35.36,36.2,35.28,35.92,35.35,0.57,1.61,88321.65,315825.33
1080,600893.SH,20160825,35.7,35.7,35.03,35.35,35.94,-0.59,-1.64,61286.05,216737.744
1081,600893.SH,20160824,35.34,36.5,35.3,35.94,35.34,0.6,1.7,80212.28,287579.587
1082,600893.SH,20160823,35.5,35.7,35.25,35.34,35.52,-0.18,-0.51,36732.3,130225.521
1083,600893.SH,20160822,35.8,36.05,35.4,35.52,35.89,-0.37,-1.03,45069.34,161366.766
1084,600893.SH,20160819,35.95,36.2,35.57,35.89,35.95,-0.06,-0.17,50692.33,181757.99
1085,600893.SH,20160818,36.2,36.2,35.71,35.95,36.21,-0.26,-0.72,59105.16,212225.317
1086,600893.SH,20160817,35.91,36.77,35.71,36.21,35.91,0.3,0.84,102179.71,372226.751
1087,600893.SH,20160816,35.92,36.2,35.7,35.91,35.78,0.13,0.36,82353.57,296217.57
1088,600893.SH,20160815,35.29,35.97,35.01,35.78,35.14,0.64,1.82,88879.01,316594.285
1089,600893.SH,20160812,34.52,35.5,34.52,35.14,34.51,0.63,1.83,52390.14,183011.359
1090,600893.SH,20160811,35.3,35.37,34.5,34.51,35.27,-0.76,-2.15,57597.87,200812.395
1091,600893.SH,20160810,35.6,35.85,35.25,35.27,35.65,-0.38,-1.07,42653.33,151292.471
1092,600893.SH,20160809,35.38,35.73,35.38,35.65,35.82,-0.17,-0.47,53614.65,190478.758
1093,600893.SH,20160808,34.63,36.15,34.21,35.82,34.63,1.19,3.44,99753.62,352497.217
1094,600893.SH,20160805,35.06,35.16,34.55,34.63,35.06,-0.43,-1.23,45702.31,158893.721
1095,600893.SH,20160804,35.24,35.25,34.73,35.06,35.25,-0.19,-0.54,55762.73,194892.741
1096,600893.SH,20160803,34.9,35.37,34.77,35.25,35.04,0.21,0.6,43601.46,153321.968
1097,600893.SH,20160802,34.74,35.07,34.62,35.04,34.72,0.32,0.92,32384.37,112819.886
1098,600893.SH,20160801,35.05,35.3,34.44,34.72,35.12,-0.4,-1.14,57005.79,198689.553
1099,600893.SH,20160729,35.86,35.86,34.85,35.12,35.97,-0.85,-2.36,70144.01,247048.227
1100,600893.SH,20160728,35.61,36.32,35.23,35.97,35.63,0.34,0.95,83842.26,300059.633
1101,600893.SH,20160727,37.2,37.5,35.19,35.63,37.06,-1.43,-3.86,128084.57,464977.781
1102,600893.SH,20160726,36.68,37.07,36.5,37.06,36.67,0.39,1.06,74579.73,273993.848
1103,600893.SH,20160725,36.7,37.28,36.4,36.67,36.76,-0.09,-0.24,67736.84,249197.435
1104,600893.SH,20160722,37.31,37.56,36.7,36.76,37.06,-0.3,-0.81,80973.84,300786.429
1105,600893.SH,20160721,37.18,37.37,37.0,37.06,37.18,-0.12,-0.32,62913.07,233675.254
1106,600893.SH,20160720,37.37,37.66,37.17,37.18,37.47,-0.29,-0.77,56592.87,211558.146
1107,600893.SH,20160719,37.3,37.71,37.09,37.47,37.12,0.35,0.94,64080.44,239205.099
1108,600893.SH,20160718,38.19,38.19,37.0,37.12,38.24,-1.12,-2.93,116113.37,434279.671
1109,600893.SH,20160715,38.86,39.1,38.01,38.24,39.29,-1.05,-2.67,137421.99,528372.633
1110,600893.SH,20160714,38.68,40.53,38.21,39.29,38.51,0.78,2.03,287608.02,1135594.493
1111,600893.SH,20160713,38.89,39.0,37.72,38.51,38.34,0.17,0.44,174697.89,671050.403
1112,600893.SH,20160712,38.21,38.6,37.6,38.34,38.26,0.08,0.21,131081.23,499913.251
1113,600893.SH,20160711,39.01,39.55,38.2,38.42,38.55,-0.13,-0.34,220911.17,861659.72
1114,600893.SH,20160708,37.47,39.3,37.3,38.55,37.49,1.06,2.83,269565.62,1037776.589
1115,600893.SH,20160707,38.2,38.22,37.19,37.49,38.01,-0.52,-1.37,113765.69,427448.798
1116,600893.SH,20160706,37.01,38.18,36.82,38.01,37.23,0.78,2.1,162364.44,610079.67
1117,600893.SH,20160705,37.8,39.18,36.98,37.23,37.65,-0.42,-1.12,302154.21,1150996.307
1118,600893.SH,20160704,35.4,38.0,35.25,37.65,35.54,2.11,5.94,265568.31,977720.787
1119,600893.SH,20160701,34.63,36.28,34.63,35.54,34.65,0.89,2.57,192237.1,686449.672
1120,600893.SH,20160630,34.8,35.15,34.46,34.65,34.69,-0.04,-0.12,86987.37,302280.838
1121,600893.SH,20160629,35.32,35.5,34.58,34.69,35.08,-0.39,-1.11,109672.24,384256.99
1122,600893.SH,20160628,34.9,35.33,34.66,35.08,34.99,0.09,0.26,91303.47,319965.063
1123,600893.SH,20160627,33.92,35.26,33.9,34.99,34.09,0.9,2.64,122078.08,426120.967
1124,600893.SH,20160624,34.63,35.0,33.31,34.09,34.98,-0.89,-2.54,97756.09,335007.545
1125,600893.SH,20160623,34.27,35.25,33.98,34.98,34.13,0.85,2.49,126768.73,438706.176
1126,600893.SH,20160622,33.77,34.17,33.5,34.13,33.55,0.58,1.73,56372.71,190841.22
1127,600893.SH,20160621,33.9,34.18,33.22,33.55,33.7,-0.15,-0.45,71376.71,241462.078
1128,600893.SH,20160620,33.86,33.96,33.35,33.7,33.82,-0.12,-0.35,50473.09,169451.646
1129,600893.SH,20160617,33.61,34.22,33.52,33.82,33.58,0.24,0.71,65506.94,222371.072
1130,600893.SH,20160616,33.89,34.4,33.41,33.58,33.8,-0.22,-0.65,62262.47,210820.465
1131,600893.SH,20160615,32.85,34.0,32.61,33.8,33.18,0.62,1.87,89672.27,301357.095
1132,600893.SH,20160614,33.51,33.8,32.71,33.18,33.85,-0.67,-1.98,86727.88,287549.203
1133,600893.SH,20160613,34.5,35.87,33.6,33.85,34.69,-0.84,-2.42,153639.63,539873.088
1134,600893.SH,20160608,34.38,34.84,33.97,34.69,34.31,0.38,1.11,85321.97,293718.148
1135,600893.SH,20160607,34.53,34.58,34.14,34.31,34.38,-0.07,-0.2,46465.0,159396.662
1136,600893.SH,20160606,34.7,34.84,34.25,34.38,34.65,-0.27,-0.78,56071.74,193528.245
1137,600893.SH,20160603,34.99,35.28,34.3,34.65,34.46,0.19,0.55,78532.05,272223.768
1138,600893.SH,20160602,34.4,34.76,34.2,34.46,34.5,-0.04,-0.12,70243.43,241960.744
1139,600893.SH,20160601,33.9,35.88,33.71,34.5,33.76,0.74,2.19,136591.7,475879.842
1140,600893.SH,20160531,32.55,33.78,32.55,33.76,32.44,1.32,4.07,96434.06,321839.442
1141,600893.SH,20160530,32.49,32.71,32.01,32.44,32.86,-0.42,-1.28,36285.37,117601.027
1142,600893.SH,20160527,32.75,33.1,32.52,32.86,32.58,0.28,0.86,55524.44,182009.678
1143,600893.SH,20160526,32.73,32.99,32.1,32.58,32.8,-0.22,-0.67,52863.33,171187.781
1144,600893.SH,20160525,33.3,33.3,32.73,32.8,32.98,-0.18,-0.55,37197.94,122753.392
1145,600893.SH,20160524,33.57,33.57,32.9,32.98,33.62,-0.64,-1.9,46517.81,153864.365
1146,600893.SH,20160523,33.46,33.79,33.41,33.62,33.57,0.05,0.15,42491.11,142900.895
1147,600893.SH,20160520,32.8,34.33,32.59,33.57,33.07,0.5,1.51,64636.09,215783.101
1148,600893.SH,20160519,33.11,33.57,32.96,33.07,33.14,-0.07,-0.21,48238.27,160321.2
1149,600893.SH,20160518,33.91,34.16,32.91,33.14,33.91,-0.77,-2.27,70081.19,235352.871
1150,600893.SH,20160517,34.26,34.3,33.71,33.91,34.26,-0.35,-1.02,58005.4,197250.086
1151,600893.SH,20160516,33.68,34.27,33.5,34.26,34.08,0.18,0.53,47202.42,160098.97
1152,600893.SH,20160513,34.15,34.42,33.91,34.08,34.05,0.03,0.09,49770.5,170296.127
1153,600893.SH,20160512,33.78,34.35,33.2,34.05,34.02,0.03,0.09,62015.79,209851.253
1154,600893.SH,20160511,34.79,34.85,33.99,34.02,34.28,-0.26,-0.76,48008.0,164466.248
1155,600893.SH,20160510,33.56,34.77,33.56,34.28,34.22,0.06,0.18,61024.67,209980.734
1156,600893.SH,20160509,35.91,35.92,34.0,34.22,35.97,-1.75,-4.87,118720.06,412471.619
1157,600893.SH,20160506,37.33,37.39,35.94,35.97,37.22,-1.25,-3.36,107996.3,394413.139
1158,600893.SH,20160505,37.22,37.93,37.15,37.22,37.1,0.12,0.32,100405.91,376664.332
1159,600893.SH,20160504,37.3,37.45,37.03,37.1,37.42,-0.32,-0.86,56093.94,208727.295
1160,600893.SH,20160503,37.0,37.44,36.52,37.42,36.42,1.0,2.75,81080.83,300903.46
1161,600893.SH,20160429,36.5,36.85,36.21,36.42,36.69,-0.27,-0.74,50820.44,185421.288
1162,600893.SH,20160428,36.86,37.0,36.14,36.69,36.8,-0.11,-0.3,57203.13,209104.948
1163,600893.SH,20160427,37.5,37.53,36.68,36.8,37.39,-0.59,-1.58,58479.77,216673.95
1164,600893.SH,20160426,37.4,37.52,36.85,37.39,37.66,-0.27,-0.72,83160.73,309348.118
1165,600893.SH,20160425,36.98,38.36,36.65,37.66,36.61,1.05,2.87,190408.83,719393.215
1166,600893.SH,20160422,36.1,36.82,36.01,36.61,36.38,0.23,0.63,56700.55,206768.422
1167,600893.SH,20160421,36.84,36.98,36.32,36.38,37.01,-0.63,-1.7,92317.19,338360.297
1168,600893.SH,20160420,38.0,38.93,35.81,37.01,37.93,-0.92,-2.43,170652.13,637679.703
1169,600893.SH,20160419,38.07,38.28,37.7,37.93,37.92,0.01,0.03,79264.09,300555.786
1170,600893.SH,20160418,39.0,39.0,37.9,37.92,39.17,-1.25,-3.19,115518.72,441764.65
1171,600893.SH,20160415,39.68,39.87,38.89,39.17,39.46,-0.29,-0.73,107147.83,421644.122
1172,600893.SH,20160414,39.55,39.6,39.1,39.46,39.39,0.07,0.18,86787.99,341423.049
1173,600893.SH,20160413,39.05,39.94,39.05,39.39,38.92,0.47,1.21,163232.71,646118.579
1174,600893.SH,20160412,38.97,39.17,38.56,38.92,38.93,-0.01,-0.03,84567.6,329051.918
1175,600893.SH,20160411,38.7,39.11,38.5,38.93,38.28,0.65,1.7,103160.6,401031.848
1176,600893.SH,20160408,38.3,38.93,37.96,38.28,38.55,-0.27,-0.7,102750.44,393781.011
1177,600893.SH,20160407,39.75,39.92,38.4,38.55,39.69,-1.14,-2.87,134940.24,525274.504
1178,600893.SH,20160406,39.56,40.16,39.23,39.69,39.79,-0.1,-0.25,142639.22,566002.708
1179,600893.SH,20160405,38.71,39.89,38.7,39.79,38.76,1.03,2.66,145414.87,572604.671
1180,600893.SH,20160401,39.38,39.55,38.28,38.76,39.49,-0.73,-1.85,121385.8,471666.475
1181,600893.SH,20160331,39.8,40.33,39.39,39.49,39.7,-0.21,-0.53,153694.1,612469.662
1182,600893.SH,20160330,38.99,39.72,38.68,39.7,38.52,1.18,3.06,125889.29,494349.08
1183,600893.SH,20160329,39.17,39.23,38.22,38.52,38.85,-0.33,-0.85,112504.81,435798.262
1184,600893.SH,20160328,39.6,40.25,38.7,38.85,39.28,-0.43,-1.09,157891.49,624088.557
1185,600893.SH,20160325,38.98,39.7,38.98,39.28,39.37,-0.09,-0.23,139872.55,550011.417
1186,600893.SH,20160324,40.51,41.42,39.3,39.37,40.82,-1.45,-3.55,233095.72,940043.391
1187,600893.SH,20160323,39.54,40.86,39.39,40.82,39.85,0.97,2.43,286488.49,1152491.446
1188,600893.SH,20160322,39.42,41.2,39.01,39.85,39.66,0.19,0.48,277137.94,1117124.698
1189,600893.SH,20160321,39.22,39.98,38.62,39.66,38.73,0.93,2.4,229416.36,901453.079
1190,600893.SH,20160318,38.0,39.18,37.7,38.73,37.61,1.12,2.98,239088.09,923041.624
1191,600893.SH,20160317,36.2,38.18,36.18,37.61,36.01,1.6,4.44,192975.91,721691.829
1192,600893.SH,20160316,36.91,37.0,35.81,36.01,36.76,-0.75,-2.04,98161.94,356628.357
1193,600893.SH,20160315,37.3,37.45,36.58,36.76,37.48,-0.72,-1.92,109805.79,405648.155
1194,600893.SH,20160314,37.01,37.92,36.75,37.48,36.4,1.08,2.97,132570.89,496767.645
1195,600893.SH,20160311,36.36,36.7,35.88,36.4,36.34,0.06,0.17,104700.62,380113.938
1196,600893.SH,20160310,37.5,37.99,36.26,36.34,37.69,-1.35,-3.58,129483.01,479039.834
1197,600893.SH,20160309,37.3,39.43,37.1,37.69,38.48,-0.79,-2.05,160544.94,617296.663
1198,600893.SH,20160308,39.0,39.0,37.08,38.48,39.34,-0.86,-2.19,157380.37,596763.055
1199,600893.SH,20160307,39.0,39.8,38.7,39.34,38.69,0.65,1.68,165648.4,649373.384
1200,600893.SH,20160304,39.75,40.65,38.01,38.69,39.59,-0.9,-2.27,236364.37,929337.752
1201,600893.SH,20160303,40.8,41.96,39.29,39.59,39.01,0.58,1.49,350850.27,1413074.124
1202,600893.SH,20160302,36.72,39.2,36.72,39.01,36.72,2.29,6.24,237015.33,901414.597
1203,600893.SH,20160301,35.31,36.99,34.75,36.72,35.04,1.68,4.79,205242.74,741582.206
1204,600893.SH,20160229,35.97,36.15,33.51,35.04,36.5,-1.46,-4.0,155841.85,537513.881
1205,600893.SH,20160226,36.2,36.97,35.01,36.5,35.46,1.04,2.93,201604.64,729861.685
1206,600893.SH,20160225,39.4,39.58,35.4,35.46,39.33,-3.87,-9.84,225576.68,842039.273
1207,600893.SH,20160224,38.69,39.45,38.42,39.33,38.9,0.43,1.11,151445.45,591600.845
1208,600893.SH,20160223,39.7,39.84,38.38,38.9,39.54,-0.64,-1.62,132676.59,519047.424
1209,600893.SH,20160222,39.9,39.98,39.11,39.54,39.13,0.41,1.05,141549.68,558214.792
1210,600893.SH,20160219,38.51,39.65,38.1,39.13,38.62,0.51,1.32,160298.22,623234.134
1211,600893.SH,20160218,39.85,39.85,38.5,38.62,39.43,-0.81,-2.05,163508.36,634670.999
1212,600893.SH,20160217,38.9,40.63,38.74,39.43,38.43,1.0,2.6,260962.44,1032471.474
1213,600893.SH,20160216,37.08,38.88,37.08,38.43,36.97,1.46,3.95,190071.84,725638.532
1214,600893.SH,20160215,35.45,37.25,35.08,36.97,36.84,0.13,0.35,128334.42,468444.571
1215,600893.SH,20160205,36.97,37.88,36.8,36.84,36.97,-0.13,-0.35,154548.91,575742.68
1216,600893.SH,20160204,36.15,37.5,35.77,36.97,35.77,1.2,3.35,182469.5,670564.635
1217,600893.SH,20160203,35.03,36.29,34.7,35.77,35.76,0.01,0.03,158635.57,562384.252
1218,600893.SH,20160202,35.0,36.29,34.3,35.76,34.37,1.39,4.04,198301.38,705984.117
1219,600893.SH,20160201,35.45,35.84,33.82,34.37,35.71,-1.34,-3.75,176097.9,614789.92
1220,600893.SH,20160129,35.3,37.31,33.0,35.71,35.7,0.01,0.03,284396.51,1006859.447
1221,600893.SH,20160128,37.79,38.8,35.5,35.7,39.29,-3.59,-9.14,285984.76,1071606.972
1222,600893.SH,20160127,36.2,39.69,33.06,39.29,36.08,3.21,8.9,368317.95,1330184.548
1223,600893.SH,20160126,39.15,40.45,36.08,36.08,40.09,-4.01,-10.0,217215.41,828440.658
1224,600893.SH,20160125,40.5,40.7,39.5,40.09,39.98,0.11,0.28,130462.46,521331.623
1225,600893.SH,20160122,39.3,41.0,37.6,39.98,38.45,1.53,3.98,190230.62,747061.355
1226,600893.SH,20160121,40.35,42.0,38.4,38.45,41.15,-2.7,-6.56,238289.6,960882.055
1227,600893.SH,20160120,40.5,43.0,39.7,41.15,40.55,0.6,1.48,297537.87,1238886.993
1228,600893.SH,20160119,37.89,41.7,36.9,40.55,37.99,2.56,6.74,293790.04,1148936.147
1229,600893.SH,20160118,35.55,38.4,35.55,37.99,36.72,1.27,3.46,224620.5,833483.481
1230,600893.SH,20160115,35.63,38.48,35.05,36.72,35.63,1.09,3.06,370878.16,1375315.822
1231,600893.SH,20160114,31.0,35.63,30.8,35.63,32.39,3.24,10.0,251478.25,847808.071
1232,600893.SH,20160113,35.0,35.36,32.32,32.39,34.71,-2.32,-6.68,127998.83,436095.608
1233,600893.SH,20160112,34.59,35.26,33.5,34.71,34.65,0.06,0.17,148263.37,510964.573
1234,600893.SH,20160111,36.95,37.9,34.59,34.65,38.43,-3.78,-9.84,200528.96,717906.53
1235,600893.SH,20160108,39.23,40.4,35.88,38.43,38.58,-0.15,-0.39,192092.47,740597.456
1236,600893.SH,20160107,42.0,42.5,38.58,38.58,42.87,-4.29,-10.01,43818.0,177000.938
1237,600893.SH,20160106,42.25,43.0,41.7,42.87,42.31,0.56,1.32,138134.28,586307.808
1238,600893.SH,20160105,40.0,43.33,39.99,42.31,42.03,0.28,0.67,194828.86,817359.93
1239,600893.SH,20160104,46.06,46.78,41.95,42.03,45.03,-3.0,-6.66,149237.96,673676.656
1240,600893.SH,20151231,46.0,46.3,44.89,45.03,46.09,-1.06,-2.3,96893.01,442445.054
1241,600893.SH,20151230,44.46,46.68,44.22,46.09,44.46,1.63,3.67,158249.64,721149.935
1242,600893.SH,20151229,44.0,44.7,43.62,44.46,43.94,0.52,1.18,93090.97,410805.805
1243,600893.SH,20151228,45.1,45.58,43.88,43.94,45.29,-1.35,-2.98,120429.85,539013.755
1244,600893.SH,20151225,44.95,45.45,44.85,45.29,44.95,0.34,0.76,82565.35,372328.762
1245,600893.SH,20151224,46.61,46.75,44.6,44.95,46.49,-1.54,-3.31,136508.89,616949.001
1246,600893.SH,20151223,47.02,47.6,46.47,46.49,47.02,-0.53,-1.13,167772.24,790368.149
1247,600893.SH,20151222,46.93,47.35,46.5,47.02,46.89,0.13,0.28,104925.83,492461.823
1248,600893.SH,20151221,46.56,47.25,46.4,46.89,46.6,0.29,0.62,115405.97,539617.926
1249,600893.SH,20151218,47.0,47.5,46.3,46.6,46.96,-0.36,-0.77,117318.13,549048.546
1250,600893.SH,20151217,47.2,47.7,46.6,46.96,46.54,0.42,0.9,129208.77,607531.109
1251,600893.SH,20151216,47.25,47.45,46.44,46.54,47.23,-0.69,-1.46,119938.44,561216.147
1252,600893.SH,20151215,46.69,48.09,46.5,47.23,46.82,0.41,0.88,200703.32,951801.39
1253,600893.SH,20151214,44.0,47.35,43.8,46.82,44.59,2.23,5.0,267092.85,1230872.537
1254,600893.SH,20151211,43.74,45.19,43.55,44.59,43.7,0.89,2.04,155363.27,690216.152
1255,600893.SH,20151210,44.0,44.8,43.51,43.7,44.56,-0.86,-1.93,121106.46,533761.493
1256,600893.SH,20151209,43.2,45.25,43.03,44.56,43.81,0.75,1.71,160018.44,706428.664
1257,600893.SH,20151208,45.25,45.25,43.8,43.81,45.61,-1.8,-3.95,128500.18,570803.102
1258,600893.SH,20151207,44.72,45.68,44.17,45.61,44.88,0.73,1.63,145800.49,655983.184
1259,600893.SH,20151204,45.88,45.94,44.5,44.88,45.86,-0.98,-2.14,150280.71,680017.607
1260,600893.SH,20151203,44.68,45.95,44.44,45.86,44.58,1.28,2.87,160151.45,721179.881
1261,600893.SH,20151202,45.39,45.56,43.08,44.58,45.3,-0.72,-1.59,196380.94,865759.528
1262,600893.SH,20151201,45.81,46.68,45.0,45.3,45.75,-0.45,-0.98,179541.85,823461.835
1263,600893.SH,20151130,46.95,47.48,43.4,45.75,46.89,-1.14,-2.43,291326.28,1324100.506
1264,600893.SH,20151127,51.4,52.0,46.06,46.89,51.06,-4.17,-8.17,398962.21,1968337.48
1265,600893.SH,20151126,50.6,52.3,49.7,51.06,50.91,0.15,0.29,307991.66,1571694.048
1266,600893.SH,20151125,52.03,52.04,50.52,50.91,50.21,0.7,1.39,257351.87,1316534.394
1267,600893.SH,20151124,50.95,51.24,49.58,50.21,51.09,-0.88,-1.72,241975.47,1210896.283
1268,600893.SH,20151123,52.7,53.62,50.8,51.09,52.48,-1.39,-2.65,297697.37,1552691.277
1269,600893.SH,20151120,52.29,54.07,51.87,52.48,51.85,0.63,1.22,404889.06,2146273.548
1270,600893.SH,20151119,50.95,51.96,50.71,51.85,50.89,0.96,1.89,239993.11,1233155.201
1271,600893.SH,20151118,52.6,53.41,50.6,50.89,53.0,-2.11,-3.98,374791.47,1955102.58
1272,600893.SH,20151117,51.38,55.83,50.5,53.0,50.98,2.02,3.96,703973.55,3731967.673
1273,600893.SH,20151116,49.8,51.08,49.12,50.98,50.57,0.41,0.81,285448.5,1440324.252
1274,600893.SH,20151113,50.99,52.05,50.0,50.57,50.42,0.15,0.3,475949.84,2432138.741
1275,600893.SH,20151112,50.08,51.79,49.51,50.42,49.99,0.43,0.86,421531.58,2137123.718
1276,600893.SH,20151111,50.79,50.85,49.11,49.99,50.2,-0.21,-0.42,405428.39,2015599.153
1277,600893.SH,20151110,49.64,52.7,49.37,50.2,49.8,0.4,0.8,723408.09,3717698.125
1278,600893.SH,20151109,49.9,50.98,48.84,49.8,50.3,-0.5,-0.99,460907.44,2302035.677
1279,600893.SH,20151106,48.95,50.78,48.61,50.3,48.9,1.4,2.86,345220.56,1721081.812
1280,600893.SH,20151105,50.1,51.94,48.6,48.9,50.17,-1.27,-2.53,582330.77,2936196.31
1281,600893.SH,20151104,49.5,50.22,48.69,50.17,48.33,1.84,3.81,320163.27,1585977.1
1282,600893.SH,20151103,48.48,49.0,46.42,48.33,47.99,0.34,0.71,273797.83,1312820.197
1283,600893.SH,20151102,48.98,49.74,47.82,47.99,48.76,-0.77,-1.58,200096.42,979303.936
1284,600893.SH,20151030,49.24,49.7,48.5,48.76,49.02,-0.26,-0.53,190720.53,936572.708
1285,600893.SH,20151029,49.55,50.8,48.62,49.02,49.02,0.0,0.0,301209.5,1498093.24
1286,600893.SH,20151028,52.19,52.19,48.68,49.02,52.18,-3.16,-6.06,329536.46,1662043.4
1287,600893.SH,20151027,50.0,52.5,48.35,52.18,50.13,2.05,4.09,435546.29,2205802.027
1288,600893.SH,20151026,51.2,52.0,49.1,50.13,50.97,-0.84,-1.65,341709.4,1717307.688
1289,600893.SH,20151023,51.8,53.5,49.9,50.97,51.88,-0.91,-1.75,524543.96,2698037.041
1290,600893.SH,20151022,47.9,52.71,47.33,51.88,48.12,3.76,7.81,540274.5,2713423.713
1291,600893.SH,20151021,49.16,51.25,46.09,48.12,49.0,-0.88,-1.8,500174.75,2436490.383
1292,600893.SH,20151020,47.64,49.69,47.64,49.0,48.61,0.39,0.8,265264.33,1298751.426
1293,600893.SH,20151019,51.41,51.5,48.33,48.61,51.5,-2.89,-5.61,487728.0,2406650.944
1294,600893.SH,20151016,50.0,53.8,49.45,51.5,49.45,2.05,4.15,508479.24,2630258.119
1295,600893.SH,20151015,48.5,49.45,46.03,49.45,44.95,4.5,10.01,580271.34,2806517.268
1296,600893.SH,20151014,44.95,44.95,44.95,44.95,40.86,4.09,10.01,8282.85,37231.411
1297,600893.SH,20150930,39.33,42.27,39.11,40.86,38.61,2.25,5.83,205453.62,841860.267
1298,600893.SH,20150929,39.5,39.7,38.35,38.61,39.99,-1.38,-3.45,150505.46,587193.066
1299,600893.SH,20150928,39.5,40.63,38.05,39.99,39.39,0.6,1.52,177714.53,703605.942
1300,600893.SH,20150925,40.5,41.41,38.6,39.39,41.07,-1.68,-4.09,290609.72,1163467.712
1301,600893.SH,20150924,38.92,41.56,38.92,41.07,38.82,2.25,5.8,409869.42,1664612.227
1302,600893.SH,20150923,37.97,39.5,37.5,38.82,38.85,-0.03,-0.08,260349.14,1009326.264
1303,600893.SH,20150922,40.0,40.5,38.31,38.85,39.47,-0.62,-1.57,358269.25,1407582.05
1304,600893.SH,20150921,37.05,39.6,36.99,39.47,37.02,2.45,6.62,394057.18,1528619.832
1305,600893.SH,20150918,37.61,38.1,36.1,37.02,37.2,-0.18,-0.48,289964.06,1071820.167
1306,600893.SH,20150917,38.4,40.37,37.01,37.2,38.01,-0.81,-2.13,557657.68,2173651.522
1307,600893.SH,20150916,34.76,38.23,33.44,38.01,34.75,3.26,9.38,448182.81,1609511.739
1308,600893.SH,20150915,36.61,37.28,34.22,34.75,38.02,-3.27,-8.6,307674.59,1088479.084
1309,600893.SH,20150914,38.98,39.78,34.54,38.02,38.38,-0.36,-0.94,473389.63,1760813.309
1310,600893.SH,20150911,38.48,39.9,37.8,38.38,39.21,-0.83,-2.12,325024.58,1252324.748
1311,600893.SH,20150910,37.1,40.48,36.74,39.21,38.64,0.57,1.48,611594.63,2403238.337
1312,600893.SH,20150909,39.39,41.18,36.36,38.64,38.52,0.12,0.31,896056.39,3428841.392
1313,600893.SH,20150908,36.01,39.1,34.2,38.52,38.0,0.52,1.37,371964.71,1335603.398
1314,600893.SH,20150907,42.0,44.9,37.5,38.0,41.39,-3.39,-8.19,455010.83,1869618.002
1315,600893.SH,20150902,39.25,44.52,39.25,41.39,43.56,-2.17,-4.98,518020.39,2155148.238
1316,600893.SH,20150901,45.5,45.6,42.67,43.56,47.41,-3.85,-8.12,602649.93,2616042.238
1317,600893.SH,20150831,46.0,47.48,43.27,47.41,43.19,4.22,9.77,783931.04,3586988.367
1318,600893.SH,20150828,41.44,43.19,40.28,43.19,39.26,3.93,10.01,335239.79,1426412.459
1319,600893.SH,20150827,36.8,39.26,36.0,39.26,35.69,3.57,10.0,555227.69,2106238.779
1320,600893.SH,20150826,40.2,41.08,35.69,35.69,39.65,-3.96,-9.99,606092.45,2302967.808
1321,600893.SH,20150825,39.65,40.97,39.65,39.65,44.05,-4.4,-9.99,308740.32,1230676.587
1322,600893.SH,20150824,46.5,47.51,44.05,44.05,48.94,-4.89,-9.99,359459.93,1596494.853
1323,600893.SH,20150821,48.2,52.5,47.0,48.94,48.8,0.14,0.29,452202.55,2248984.257
1324,600893.SH,20150820,52.99,53.0,48.65,48.8,53.93,-5.13,-9.51,336853.49,1725726.402
1325,600893.SH,20150819,51.28,54.99,48.88,53.93,53.72,0.21,0.39,457558.0,2391552.505
1326,600893.SH,20150818,59.45,59.45,53.72,53.72,59.69,-5.97,-10.0,498738.39,2797116.791
1327,600893.SH,20150817,59.97,62.18,58.85,59.69,59.99,-0.3,-0.5,430879.46,2617736.143
1328,600893.SH,20150814,60.72,61.9,59.1,59.99,60.66,-0.67,-1.1,388742.31,2354715.921
1329,600893.SH,20150813,58.58,60.8,56.51,60.66,60.05,0.61,1.02,493086.52,2902097.361
1330,600893.SH,20150812,63.0,63.64,59.0,60.05,59.21,0.84,1.42,604135.37,3730427.695
1331,600893.SH,20150811,59.62,62.36,57.0,59.21,59.49,-0.28,-0.47,575581.88,3396053.202
1332,600893.SH,20150810,56.47,60.0,55.89,59.49,54.73,4.76,8.7,552099.97,3192100.13
1333,600893.SH,20150807,52.81,55.2,51.77,54.73,51.7,3.03,5.86,446213.68,2370855.519
1334,600893.SH,20150806,51.5,54.54,51.0,51.7,53.56,-1.86,-3.47,399579.74,2095918.54
1335,600893.SH,20150805,55.0,55.95,52.0,53.56,53.11,0.45,0.85,613330.54,3332657.092
1336,600893.SH,20150804,48.48,53.11,48.48,53.11,48.28,4.83,10.0,612252.7,3153372.988
1337,600893.SH,20150803,51.05,52.2,48.24,48.28,53.6,-5.32,-9.93,522992.18,2571263.746
1338,600893.SH,20150731,58.6,60.6,53.6,53.6,59.56,-5.96,-10.01,556789.78,3147186.601
1339,600893.SH,20150730,58.94,64.49,56.03,59.56,58.89,0.67,1.14,798531.72,4908876.178
1340,600893.SH,20150729,55.54,58.89,51.21,58.89,53.54,5.35,9.99,671761.69,3705753.991
1341,600893.SH,20150728,50.55,58.7,50.13,53.54,55.7,-2.16,-3.88,747107.36,3973419.251
1342,600893.SH,20150727,59.65,63.1,55.7,55.7,61.89,-6.19,-10.0,677590.78,4038882.243
1343,600893.SH,20150724,60.0,65.0,59.8,61.89,61.87,0.02,0.03,742568.96,4658307.774
1344,600893.SH,20150723,61.19,63.61,58.21,61.87,60.06,1.81,3.01,781277.45,4697640.539
1345,600893.SH,20150722,55.05,60.06,55.04,60.06,54.6,5.46,10.0,753002.01,4446455.04
1346,600893.SH,20150721,55.33,56.6,53.01,54.6,55.88,-1.28,-2.29,736300.41,4042761.461
1347,600893.SH,20150720,53.5,55.88,52.88,55.88,50.8,5.08,10.0,866788.04,4770689.779
1348,600893.SH,20150717,46.55,50.8,46.55,50.8,46.18,4.62,10.0,430427.06,2130059.604
1349,600893.SH,20150716,42.87,46.8,39.29,46.18,43.0,3.18,7.4,728669.23,3233706.172
1350,600893.SH,20150715,42.56,43.88,39.06,43.14,41.49,1.65,3.98,1149348.83,4844385.333
1351,600893.SH,20150714,41.49,41.49,41.49,41.49,37.72,3.77,9.99,57237.82,237479.715
1352,600893.SH,20150713,37.72,37.72,37.72,37.72,34.29,3.43,10.0,36308.96,136957.397
1353,600893.SH,20150710,34.29,34.29,33.88,34.29,31.17,3.12,10.01,220017.06,753924.528
1354,600893.SH,20150709,28.4,31.17,28.4,31.17,28.34,2.83,9.99,600373.41,1830862.642
1355,600893.SH,20150708,28.25,30.99,28.25,28.34,31.39,-3.05,-9.72,1174722.62,3367635.051
1356,600893.SH,20150707,32.36,34.3,31.39,31.39,34.88,-3.49,-10.01,960051.54,3041102.029
1357,600893.SH,20150706,42.63,42.63,34.88,34.88,38.75,-3.87,-9.99,767838.73,2884945.084
1358,600893.SH,20150703,38.76,43.02,38.75,38.75,43.06,-4.31,-10.01,412517.68,1627295.214
1359,600893.SH,20150702,46.19,46.39,43.06,43.06,47.84,-4.78,-9.99,365050.67,1607203.455
1360,600893.SH,20150701,52.5,54.91,47.84,47.84,53.15,-5.31,-9.99,415534.71,2155910.035
1361,600893.SH,20150630,49.99,54.5,46.98,53.15,52.2,0.95,1.82,539871.56,2725686.303
1362,600893.SH,20150629,60.0,60.0,52.2,52.2,58.0,-5.8,-10.0,383019.72,2083617.299
1363,600893.SH,20150626,61.07,62.4,58.0,58.0,64.44,-6.44,-9.99,304069.13,1808358.351
1364,600893.SH,20150625,66.67,70.0,62.5,64.44,67.8,-3.36,-4.96,406420.1,2736768.603
1365,600893.SH,20150624,67.18,70.88,66.2,67.8,66.18,1.62,2.45,497956.24,3400690.269
1366,600893.SH,20150623,60.88,66.18,59.9,66.18,60.16,6.02,10.01,424534.17,2701171.015
1367,600893.SH,20150619,58.8,63.0,58.43,60.16,58.43,1.73,2.96,366059.98,2223010.865
1368,600893.SH,20150618,61.99,62.22,56.58,58.43,61.99,-3.56,-5.74,279176.49,1667419.462
1369,600893.SH,20150617,62.0,63.92,57.6,61.99,63.35,-1.36,-2.15,330917.46,1998882.282
1370,600893.SH,20150616,69.76,69.8,63.35,63.35,70.39,-7.04,-10.0,321330.29,2108427.76
1371,600893.SH,20150615,72.6,75.65,69.93,70.39,71.53,-1.14,-1.59,277709.15,2045593.555
1372,600893.SH,20150612,72.8,72.8,70.95,71.53,71.55,-0.02,-0.03,207083.43,1486233.777
1373,600893.SH,20150611,69.95,71.59,69.0,71.55,70.16,1.39,1.98,213983.2,1499033.648
1374,600893.SH,20150610,69.2,71.54,69.0,70.16,70.51,-0.35,-0.5,183861.74,1300687.693
1375,600893.SH,20150609,69.39,72.19,68.5,70.51,69.39,1.12,1.61,183833.6,1298040.988
1376,600893.SH,20150608,71.72,71.72,68.02,69.39,71.83,-2.44,-3.4,193246.04,1343083.874
1377,600893.SH,20150605,71.14,75.0,70.4,71.83,70.33,1.5,2.13,213885.96,1552767.242
1378,600893.SH,20150604,71.95,72.47,64.8,70.33,71.95,-1.62,-2.25,250832.42,1705933.044
1379,600893.SH,20150603,75.8,76.05,70.45,71.95,75.36,-3.41,-4.52,234141.29,1706547.069
1380,600893.SH,20150602,72.95,76.88,72.5,75.36,73.22,2.14,2.92,235849.12,1761256.464
1381,600893.SH,20150601,70.6,74.29,68.8,73.22,70.29,2.93,4.17,225108.79,1631342.438
1382,600893.SH,20150529,69.49,73.74,64.5,70.29,70.16,0.13,0.19,270502.25,1896335.693
1383,600893.SH,20150528,76.8,78.57,70.16,70.16,77.96,-7.8,-10.01,332880.93,2459704.462
1384,600893.SH,20150527,80.08,82.56,76.56,77.96,79.73,-1.77,-2.22,321954.21,2555518.92
1385,600893.SH,20150526,74.92,80.1,72.9,79.73,72.82,6.91,9.49,372724.33,2890327.277
1386,600893.SH,20150525,67.4,73.22,66.0,72.82,67.65,5.17,7.64,282187.11,2004073.596
1387,600893.SH,20150522,65.71,67.69,64.02,67.65,65.71,1.94,2.95,237664.5,1566887.493
1388,600893.SH,20150521,66.16,66.66,64.2,65.71,64.11,1.6,2.5,161491.2,1053971.584
1389,600893.SH,20150520,61.9,66.94,61.85,64.11,61.35,2.76,4.5,213190.12,1381572.341
1390,600893.SH,20150519,61.65,61.7,59.65,61.35,61.63,-0.28,-0.45,174044.95,1057376.763
1391,600893.SH,20150518,59.0,62.7,58.7,61.63,59.39,2.24,3.77,262834.21,1609651.337
1392,600893.SH,20150515,57.49,60.5,57.49,59.39,57.47,1.92,3.34,273972.88,1628542.952
1393,600893.SH,20150514,57.93,58.8,56.81,57.47,57.82,-0.35,-0.61,189185.34,1088686.93
1394,600893.SH,20150513,60.72,61.8,57.5,57.82,59.58,-1.76,-2.95,383228.71,2303650.621
1395,600893.SH,20150512,54.2,59.58,53.71,59.58,54.16,5.42,10.01,456597.32,2659907.25
1396,600893.SH,20150511,53.4,54.56,52.58,54.16,52.83,1.33,2.52,248359.04,1328355.197
1397,600893.SH,20150508,52.18,52.89,51.2,52.83,51.46,1.37,2.66,158982.11,827212.372
1398,600893.SH,20150507,51.8,52.86,50.87,51.46,51.83,-0.37,-0.71,177073.05,920709.939
1399,600893.SH,20150506,53.0,53.57,50.93,51.83,52.11,-0.28,-0.54,243209.6,1265877.334
1400,600893.SH,20150505,55.0,55.47,52.0,52.11,54.99,-2.88,-5.24,236419.82,1264711.336
1401,600893.SH,20150504,54.51,55.54,53.9,54.99,53.74,1.25,2.33,240746.09,1321230.363
1402,600893.SH,20150430,53.7,55.78,53.69,53.74,53.69,0.05,0.09,221287.89,1204881.684
1403,600893.SH,20150429,51.99,55.08,51.4,53.69,51.98,1.71,3.29,253977.64,1366488.389
1404,600893.SH,20150428,55.55,55.55,51.66,51.98,55.83,-3.85,-6.9,324714.82,1730540.265
1405,600893.SH,20150427,55.1,58.1,54.27,55.83,54.25,1.58,2.91,357304.39,2001144.003
1406,600893.SH,20150424,52.0,56.84,51.84,54.25,51.67,2.58,4.99,415925.29,2271999.857
1407,600893.SH,20150423,53.0,53.0,50.68,51.67,52.66,-0.99,-1.88,346460.6,1783563.725
1408,600893.SH,20150422,51.2,53.81,49.9,52.66,50.81,1.85,3.64,400808.65,2095889.347
1409,600893.SH,20150421,52.48,56.88,50.02,50.81,52.03,-1.22,-2.34,754324.16,4008565.841
1410,600893.SH,20150420,46.9,52.03,46.26,52.03,47.3,4.73,10.0,683148.47,3448967.48
1411,600893.SH,20150417,43.63,47.84,43.63,47.3,43.49,3.81,8.76,488524.35,2253160.594
1412,600893.SH,20150416,42.44,44.5,42.08,43.49,42.79,0.7,1.64,251465.68,1098282.129
1413,600893.SH,20150415,44.38,44.9,41.99,42.79,43.04,-0.25,-0.58,313811.93,1363374.57
1414,600893.SH,20150414,41.55,43.99,41.0,43.04,42.74,0.3,0.7,267229.95,1143827.315
1415,600893.SH,20150413,42.2,44.26,41.9,42.74,42.09,0.65,1.54,377369.53,1629550.459
1416,600893.SH,20150410,38.34,42.17,38.07,42.09,38.34,3.75,9.78,422575.86,1747967.652
1417,600893.SH,20150409,39.18,39.55,37.43,38.34,39.1,-0.76,-1.94,206460.51,790508.715
1418,600893.SH,20150408,40.07,40.26,38.3,39.1,40.09,-0.99,-2.47,253897.73,993781.067
1419,600893.SH,20150407,40.73,41.05,39.76,40.09,40.73,-0.64,-1.57,250574.28,1006934.891
1420,600893.SH,20150403,39.84,41.2,39.6,40.73,40.43,0.3,0.74,286966.61,1162668.284
1421,600893.SH,20150402,39.7,40.85,39.02,40.43,40.1,0.33,0.82,374851.83,1494054.931
1422,600893.SH,20150401,38.31,40.2,38.13,40.1,38.49,1.61,4.18,344966.27,1359281.346
1423,600893.SH,20150331,37.34,39.87,37.34,38.49,36.88,1.61,4.37,466792.45,1807222.382
1424,600893.SH,20150330,36.19,37.32,36.0,36.88,35.8,1.08,3.02,261588.56,961048.902
1425,600893.SH,20150327,36.02,36.34,35.38,35.8,35.8,0.0,0.0,150830.43,539906.528
1426,600893.SH,20150326,35.33,36.34,35.01,35.8,35.27,0.53,1.5,269684.05,966459.446
1427,600893.SH,20150325,35.81,35.83,34.98,35.27,36.13,-0.86,-2.38,233809.76,827479.831
1428,600893.SH,20150324,36.0,37.08,35.0,36.13,35.71,0.42,1.18,387070.62,1400942.26
1429,600893.SH,20150323,35.15,35.8,35.0,35.71,34.99,0.72,2.06,234505.53,828716.018
1430,600893.SH,20150320,35.2,35.75,34.66,34.99,35.18,-0.19,-0.54,214446.85,752552.055
1431,600893.SH,20150319,36.0,36.3,34.83,35.18,35.86,-0.68,-1.9,380460.35,1354003.856
1432,600893.SH,20150318,33.29,36.63,33.0,35.86,33.3,2.56,7.69,476965.24,1669192.35
1433,600893.SH,20150317,32.9,33.5,32.52,33.3,32.71,0.59,1.8,298313.34,988422.207
1434,600893.SH,20150316,32.01,32.77,31.82,32.71,31.81,0.9,2.83,188981.11,610690.962
1435,600893.SH,20150313,31.92,32.17,31.63,31.81,31.91,-0.1,-0.31,123025.53,392187.064
1436,600893.SH,20150312,32.3,32.3,31.67,31.91,31.92,-0.01,-0.03,100287.75,319443.678
1437,600893.SH,20150311,32.21,32.79,31.68,31.92,32.29,-0.37,-1.15,135086.01,436085.927
1438,600893.SH,20150310,32.25,32.48,31.87,32.29,32.29,0.0,0.0,89265.47,286333.463
1439,600893.SH,20150309,31.93,32.34,31.51,32.29,31.91,0.38,1.19,105910.67,338300.842
1440,600893.SH,20150306,32.4,32.77,31.9,31.91,32.31,-0.4,-1.24,105601.25,341260.006
1441,600893.SH,20150305,33.3,33.3,32.09,32.31,33.2,-0.89,-2.68,165257.38,539260.176
1442,600893.SH,20150304,32.86,33.35,32.55,33.2,32.58,0.62,1.9,180280.84,592832.126
1443,600893.SH,20150303,32.81,33.3,32.4,32.58,32.93,-0.35,-1.06,233532.21,766810.205
1444,600893.SH,20150302,33.07,33.15,32.45,32.93,32.74,0.19,0.58,160685.54,527087.855
1445,600893.SH,20150227,32.01,33.5,32.01,32.74,31.94,0.8,2.5,269954.72,889376.358
1446,600893.SH,20150226,31.6,32.27,31.5,31.94,31.6,0.34,1.08,118080.49,376468.635
1447,600893.SH,20150225,31.68,32.16,31.31,31.6,31.37,0.23,0.73,133880.05,425018.001
1448,600893.SH,20150217,31.46,31.62,31.1,31.37,31.33,0.04,0.13,78904.02,247392.358
1449,600893.SH,20150216,30.71,31.37,30.57,31.33,30.67,0.66,2.15,117287.4,364098.394
1450,600893.SH,20150213,30.75,31.12,30.58,30.67,30.55,0.12,0.39,113774.16,351198.846
1451,600893.SH,20150212,30.8,30.82,30.45,30.55,30.82,-0.27,-0.88,62729.09,192314.001
1452,600893.SH,20150211,30.43,30.9,30.43,30.82,30.43,0.39,1.28,61849.36,189977.436
1453,600893.SH,20150210,30.38,30.56,30.11,30.43,30.1,0.33,1.1,56997.85,173129.171
1454,600893.SH,20150209,29.7,30.79,29.7,30.1,30.0,0.1,0.33,72893.69,221062.708
1455,600893.SH,20150206,30.8,31.12,29.8,30.0,30.78,-0.78,-2.53,96197.38,291042.145
1456,600893.SH,20150205,32.0,32.05,30.75,30.78,31.62,-0.84,-2.66,141253.14,441939.571
1457,600893.SH,20150204,31.4,32.29,31.4,31.62,31.37,0.25,0.8,172506.41,550461.09
1458,600893.SH,20150203,31.35,31.63,30.91,31.37,31.31,0.06,0.19,124634.97,390041.799
1459,600893.SH,20150202,31.24,31.77,30.81,31.31,31.22,0.09,0.29,108062.4,339871.006
1460,600893.SH,20150130,31.56,31.79,31.0,31.22,31.26,-0.04,-0.13,114398.34,359642.149
1461,600893.SH,20150129,31.17,31.75,31.0,31.26,31.41,-0.15,-0.48,101714.88,319322.655
1462,600893.SH,20150128,32.45,32.47,31.21,31.41,32.44,-1.03,-3.18,151210.64,481236.316
1463,600893.SH,20150127,32.88,32.99,31.82,32.44,32.43,0.01,0.03,181967.18,588834.227
1464,600893.SH,20150126,32.1,32.83,32.06,32.43,31.62,0.81,2.56,220010.29,714302.953
1465,600893.SH,20150123,32.43,32.58,31.42,31.62,32.4,-0.78,-2.41,223107.17,712548.181
1466,600893.SH,20150122,30.58,33.58,30.5,32.4,30.57,1.83,5.99,334885.32,1065015.484
1467,600893.SH,20150121,29.61,30.6,29.6,30.57,29.74,0.83,2.79,164454.29,498338.257
1468,600893.SH,20150120,29.51,30.3,29.31,29.74,29.23,0.51,1.74,165398.0,492785.922
1469,600893.SH,20150119,30.0,31.36,28.7,29.23,31.75,-2.52,-7.94,286398.32,862069.996
1470,600893.SH,20150116,31.69,31.88,31.35,31.75,31.65,0.1,0.32,140849.73,445611.398
1471,600893.SH,20150115,31.39,32.18,31.08,31.65,31.49,0.16,0.51,143904.33,454664.666
1472,600893.SH,20150114,31.95,32.18,31.11,31.49,31.64,-0.15,-0.47,181394.02,573053.464
1473,600893.SH,20150113,30.9,32.19,30.87,31.64,30.55,1.09,3.57,293072.54,931678.898
1474,600893.SH,20150112,30.3,30.89,29.9,30.55,30.48,0.07,0.23,172527.99,524970.731
1475,600893.SH,20150109,31.4,31.64,30.3,30.48,31.3,-0.82,-2.62,214906.4,671005.37
1476,600893.SH,20150108,30.99,31.9,30.79,31.3,30.99,0.31,1.0,234271.23,736914.957
1477,600893.SH,20150107,31.53,31.75,30.79,30.99,30.79,0.2,0.65,298166.17,929712.148
1478,600893.SH,20150106,29.5,31.28,29.37,30.79,29.48,1.31,4.44,315365.7,965044.812
1479,600893.SH,20150105,28.92,29.8,28.78,29.48,28.96,0.52,1.8,165915.08,485316.287
1480,600893.SH,20141231,29.0,29.45,28.5,28.96,28.97,-0.01,-0.03,128003.8,371151.704
1481,600893.SH,20141230,30.0,30.16,28.82,28.97,30.23,-1.26,-4.17,164382.0,484455.085
1482,600893.SH,20141229,29.49,30.5,29.0,30.23,29.49,0.74,2.51,240377.74,713962.559
1483,600893.SH,20141226,29.6,29.63,28.98,29.49,29.3,0.19,0.65,164343.8,482326.781
1484,600893.SH,20141225,29.21,29.84,29.03,29.3,29.17,0.13,0.45,133798.14,392164.28
1485,600893.SH,20141224,28.49,29.5,28.2,29.17,28.37,0.8,2.82,146861.3,424827.542
1486,600893.SH,20141223,28.83,29.42,28.04,28.37,28.83,-0.46,-1.6,123161.04,355271.029
1487,600893.SH,20141222,30.27,30.53,28.8,28.83,30.23,-1.4,-4.63,169882.83,499222.982
1488,600893.SH,20141219,30.54,30.6,29.63,30.23,30.93,-0.7,-2.26,165415.4,498043.915
1489,600893.SH,20141218,29.94,31.98,29.5,30.93,29.94,0.99,3.31,302467.83,941863.928
1490,600893.SH,20141217,30.65,30.88,29.61,29.94,30.81,-0.87,-2.82,194556.28,584817.852
1491,600893.SH,20141216,30.4,31.21,30.26,30.81,30.5,0.31,1.02,197420.28,608518.715
1492,600893.SH,20141215,29.6,31.18,29.31,30.5,31.22,-0.72,-2.31,221947.35,673883.328
1493,600893.SH,20141212,31.35,31.65,30.97,31.22,31.4,-0.18,-0.57,140171.63,438147.774
1494,600893.SH,20141211,31.0,31.94,30.3,31.4,31.05,0.35,1.13,259638.25,805877.029
1495,600893.SH,20141210,30.01,31.7,28.78,31.05,30.65,0.4,1.31,418536.85,1260681.976
1496,600893.SH,20141209,34.05,34.17,30.65,30.65,34.05,-3.4,-9.99,584825.02,1886570.87
1497,600893.SH,20141208,33.0,35.25,33.0,34.05,32.23,1.82,5.65,696187.02,2383288.948
1498,600893.SH,20141205,30.27,32.23,28.5,32.23,29.3,2.93,10.0,692728.47,2143271.048
1499,600893.SH,20141204,28.75,29.96,28.7,29.3,28.74,0.56,1.95,297167.92,875715.614
1500,600893.SH,20141203,27.55,28.78,27.01,28.74,27.55,1.19,4.32,266748.27,742720.584
1501,600893.SH,20141202,27.31,27.9,27.31,27.55,27.31,0.24,0.88,116235.58,321290.847
1502,600893.SH,20141201,27.7,28.1,27.01,27.31,27.8,-0.49,-1.76,155373.54,428567.431
1503,600893.SH,20141128,28.62,28.86,27.49,27.8,28.64,-0.84,-2.93,190593.97,535354.215
1504,600893.SH,20141127,29.09,29.32,28.3,28.64,29.2,-0.56,-1.92,182230.43,524772.945
1505,600893.SH,20141126,28.65,29.36,28.15,29.2,28.03,1.17,4.17,227385.42,657304.175
1506,600893.SH,20141125,27.9,28.18,27.76,28.03,27.87,0.16,0.57,144395.24,403778.005
1507,600893.SH,20141124,27.61,27.97,27.27,27.87,27.3,0.57,2.09,126187.53,349173.507
1508,600893.SH,20141121,27.41,27.51,27.2,27.3,27.3,0.0,0.0,58589.58,160171.578
1509,600893.SH,20141120,27.57,27.6,27.18,27.3,27.64,-0.34,-1.23,53695.65,146726.685
1510,600893.SH,20141119,27.48,27.87,27.12,27.64,27.48,0.16,0.58,98716.59,271576.633
1511,600893.SH,20141118,27.69,27.78,27.37,27.48,27.81,-0.33,-1.19,60236.97,165909.157
1512,600893.SH,20141117,27.1,28.01,27.1,27.81,27.07,0.74,2.73,125519.51,346941.985
1513,600893.SH,20141114,26.73,27.31,26.41,27.07,26.99,0.08,0.3,84717.03,227925.867
1514,600893.SH,20141113,27.61,27.68,26.17,26.99,27.6,-0.61,-2.21,151109.39,403109.292
1515,600893.SH,20141112,27.17,27.97,27.17,27.6,27.17,0.43,1.58,98470.24,272010.786
1516,600893.SH,20141111,28.8,28.84,27.02,27.17,28.86,-1.69,-5.86,205044.09,570347.026
1517,600893.SH,20141110,29.1,29.22,28.22,28.86,29.01,-0.15,-0.52,158705.42,454006.549
1518,600893.SH,20141107,29.38,29.7,28.92,29.01,29.29,-0.28,-0.96,112837.74,330024.458
1519,600893.SH,20141106,29.35,29.56,28.97,29.29,29.1,0.19,0.65,79547.06,232758.24
1520,600893.SH,20141105,29.03,29.48,28.9,29.1,29.03,0.07,0.24,75567.49,220500.582
1521,600893.SH,20141104,29.8,29.91,28.98,29.03,29.87,-0.84,-2.81,118900.21,348442.128
1522,600893.SH,20141103,29.75,30.3,29.62,29.87,29.82,0.05,0.17,101336.71,302968.169
1523,600893.SH,20141031,29.96,30.08,29.28,29.82,29.85,-0.03,-0.1,138999.09,411930.618
1524,600893.SH,20141030,30.84,30.96,29.72,29.85,30.7,-0.85,-2.77,198315.94,598908.831
1525,600893.SH,20141029,30.91,31.13,30.4,30.7,30.92,-0.22,-0.71,188109.8,577299.646
1526,600893.SH,20141028,29.7,30.97,29.55,30.92,29.62,1.3,4.39,208018.23,631094.95
1527,600893.SH,20141027,29.3,29.8,28.72,29.62,29.04,0.58,2.0,102134.85,301028.794
1528,600893.SH,20141024,29.3,29.82,29.0,29.04,29.22,-0.18,-0.62,79069.98,232491.975
1529,600893.SH,20141023,29.11,29.87,29.01,29.22,29.38,-0.16,-0.54,118346.15,349213.463
1530,600893.SH,20141022,28.47,30.2,28.46,29.38,28.46,0.92,3.23,186757.06,553168.709
1531,600893.SH,20141021,28.91,29.08,28.19,28.46,28.95,-0.49,-1.69,80618.74,231276.072
1532,600893.SH,20141020,29.13,29.22,28.71,28.95,28.97,-0.02,-0.07,83572.57,242144.723
1533,600893.SH,20141017,28.98,29.39,28.38,28.97,29.29,-0.32,-1.09,122368.98,353539.331
1534,600893.SH,20141016,29.67,29.95,29.2,29.29,29.99,-0.7,-2.33,102607.09,304355.54
1535,600893.SH,20141015,30.8,30.89,29.6,29.99,30.86,-0.87,-2.82,180328.4,541628.767
1536,600893.SH,20141014,30.57,32.13,30.28,30.86,30.82,0.04,0.13,289477.44,903999.544
1537,600893.SH,20141013,29.65,30.87,29.25,30.82,29.75,1.07,3.6,275293.63,833629.51
1538,600893.SH,20141010,29.51,30.08,29.35,29.75,29.75,0.0,0.0,140774.5,418845.482
1539,600893.SH,20141009,29.78,30.34,29.48,29.75,29.96,-0.21,-0.7,122481.23,365821.238
1540,600893.SH,20141008,29.74,30.15,29.46,29.96,29.72,0.24,0.81,134484.35,402119.751
1541,600893.SH,20140930,30.13,30.13,29.4,29.72,30.01,-0.29,-0.97,108445.83,321911.723
1542,600893.SH,20140929,30.21,30.67,29.71,30.01,30.15,-0.14,-0.46,141098.98,425767.96
1543,600893.SH,20140926,30.51,30.89,29.98,30.15,30.32,-0.17,-0.56,169172.04,514599.257
1544,600893.SH,20140925,30.38,31.21,29.8,30.32,29.98,0.34,1.13,267763.2,817223.139
1545,600893.SH,20140924,28.82,30.36,28.58,29.98,28.82,1.16,4.03,249638.49,743239.097
1546,600893.SH,20140923,27.9,28.95,27.9,28.82,27.93,0.89,3.19,170096.13,486668.506
1547,600893.SH,20140922,28.77,28.78,27.8,27.93,28.91,-0.98,-3.39,136984.75,387459.216
1548,600893.SH,20140919,28.45,29.0,28.11,28.91,28.43,0.48,1.69,123711.24,354430.833
1549,600893.SH,20140918,28.6,29.0,28.25,28.43,28.76,-0.33,-1.15,94471.31,270541.386
1550,600893.SH,20140917,28.29,28.86,27.79,28.76,28.2,0.56,1.99,135561.98,384257.434
1551,600893.SH,20140916,29.93,30.0,28.18,28.2,29.91,-1.71,-5.72,248962.28,720516.506
1552,600893.SH,20140915,30.02,30.4,29.78,29.91,30.0,-0.09,-0.3,175474.2,527421.823
1553,600893.SH,20140912,29.5,30.16,29.5,30.0,29.57,0.43,1.45,146775.38,438197.766
1554,600893.SH,20140911,29.99,30.29,29.38,29.57,30.15,-0.58,-1.92,185645.29,553270.91
1555,600893.SH,20140910,29.97,30.84,29.53,30.15,29.98,0.17,0.57,188579.33,569572.496
1556,600893.SH,20140909,29.65,30.1,29.62,29.98,29.88,0.1,0.33,191184.73,572288.321
1557,600893.SH,20140905,29.95,30.02,29.5,29.88,29.95,-0.07,-0.23,191597.49,569051.085
1558,600893.SH,20140904,29.8,31.4,29.45,29.95,29.68,0.27,0.91,319792.76,967080.204
1559,600893.SH,20140903,29.68,30.15,29.38,29.68,29.92,-0.24,-0.8,225800.99,671454.574
1560,600893.SH,20140902,28.89,30.62,28.61,29.92,28.92,1.0,3.46,359288.26,1063191.134
1561,600893.SH,20140901,29.08,29.93,28.75,28.92,28.72,0.2,0.7,298123.75,872239.014
1562,600893.SH,20140829,27.48,28.88,27.48,28.72,27.88,0.84,3.01,303832.09,857940.23
1563,600893.SH,20140828,30.77,30.77,27.69,27.88,28.37,-0.49,-1.73,598513.07,1742067.341
1564,600893.SH,20140827,26.7,28.37,26.7,28.37,25.79,2.58,10.0,181875.47,512986.58
1565,600893.SH,20140826,25.08,26.07,24.51,25.79,25.17,0.62,2.46,181112.19,458646.619
1566,600893.SH,20140825,25.36,25.62,25.12,25.17,25.36,-0.19,-0.75,80493.51,204284.791
1567,600893.SH,20140822,25.39,25.77,25.26,25.36,25.33,0.03,0.12,95965.23,244752.289
1568,600893.SH,20140821,25.58,25.78,25.18,25.33,25.68,-0.35,-1.36,125075.42,317308.338
1569,600893.SH,20140820,25.82,25.99,25.5,25.68,25.81,-0.13,-0.5,116812.32,300768.555
1570,600893.SH,20140819,25.99,26.13,25.47,25.81,25.99,-0.18,-0.69,187789.78,484877.277
1571,600893.SH,20140818,25.36,26.07,25.2,25.99,25.25,0.74,2.93,209809.8,539190.935
1572,600893.SH,20140815,24.83,25.56,24.83,25.25,24.8,0.45,1.81,164132.09,414200.972
1573,600893.SH,20140814,24.36,25.76,24.3,24.8,24.37,0.43,1.76,278001.89,698735.563
1574,600893.SH,20140813,24.79,24.85,24.13,24.37,24.78,-0.41,-1.65,104620.35,256059.355
1575,600893.SH,20140812,24.74,24.95,24.62,24.78,24.84,-0.06,-0.24,91853.74,227341.651
1576,600893.SH,20140811,24.72,24.96,24.61,24.84,24.69,0.15,0.61,136773.44,339228.584
1577,600893.SH,20140808,24.4,24.84,24.4,24.69,24.41,0.28,1.15,109635.63,270342.135
1578,600893.SH,20140807,24.7,25.15,24.35,24.41,24.74,-0.33,-1.33,144840.67,358043.688
1579,600893.SH,20140806,24.2,24.94,24.02,24.74,24.24,0.5,2.06,158791.92,390962.171
1580,600893.SH,20140805,24.42,24.44,23.92,24.24,24.37,-0.13,-0.53,89481.8,216295.619
1581,600893.SH,20140804,24.22,24.9,24.19,24.37,24.14,0.23,0.95,134471.55,328884.291
1582,600893.SH,20140801,24.56,25.18,24.1,24.14,24.73,-0.59,-2.39,182612.39,450950.362
1583,600893.SH,20140731,24.36,24.99,24.18,24.73,24.33,0.4,1.64,150639.4,370308.997
1584,600893.SH,20140730,24.35,24.68,23.93,24.33,24.3,0.03,0.12,152248.78,370451.228
1585,600893.SH,20140729,23.8,24.56,23.61,24.3,23.69,0.61,2.57,180121.27,435415.535
1586,600893.SH,20140728,23.22,23.87,23.22,23.69,23.11,0.58,2.51,155502.86,367168.147
1587,600893.SH,20140725,22.95,23.18,22.85,23.11,22.98,0.13,0.57,59007.17,136014.996
1588,600893.SH,20140724,23.17,23.28,22.36,22.98,23.1,-0.12,-0.52,150313.25,341219.74
1589,600893.SH,20140723,23.48,23.69,23.03,23.1,23.49,-0.39,-1.66,93596.28,218838.069
1590,600893.SH,20140722,23.21,23.6,23.05,23.49,23.32,0.17,0.73,87037.59,203071.449
1591,600893.SH,20140721,23.29,23.4,22.91,23.32,23.27,0.05,0.21,68906.75,159420.434
1592,600893.SH,20140718,23.27,23.49,23.08,23.27,23.06,0.21,0.91,69123.7,160960.733
1593,600893.SH,20140717,23.14,23.28,22.95,23.06,23.13,-0.07,-0.3,71659.14,165284.372
1594,600893.SH,20140716,23.99,23.99,23.05,23.13,24.08,-0.95,-3.95,140885.22,330159.028
1595,600893.SH,20140715,24.01,24.38,23.71,24.08,23.96,0.12,0.5,109544.81,263586.59
1596,600893.SH,20140714,24.07,24.24,23.61,23.96,24.03,-0.07,-0.29,116056.23,276720.968
1597,600893.SH,20140711,23.7,24.2,23.45,24.03,23.62,0.41,1.74,114020.34,272676.312
1598,600893.SH,20140710,24.08,24.28,23.51,23.62,24.12,-0.5,-2.07,154931.19,368920.29
1599,600893.SH,20140709,24.32,25.17,24.1,24.12,24.4,-0.28,-1.15,216124.31,533627.475
1600,600893.SH,20140708,25.1,25.37,24.2,24.4,25.12,-0.72,-2.87,161751.34,397481.967
1601,600893.SH,20140707,25.17,25.4,24.8,25.12,24.99,0.13,0.52,150234.15,377932.489
1602,600893.SH,20140704,24.79,25.07,24.42,24.99,24.87,0.12,0.48,118310.41,292291.846
1603,600893.SH,20140703,25.09,25.55,24.8,24.87,25.22,-0.35,-1.39,148150.43,369971.438
1604,600893.SH,20140702,24.95,26.08,24.79,25.22,25.08,0.14,0.56,217344.7,552868.218
1605,600893.SH,20140701,26.19,26.2,24.9,25.08,25.77,-0.69,-2.68,216184.77,546739.426
1606,600893.SH,20140630,24.4,26.28,24.4,25.77,24.34,1.43,5.88,294640.37,749265.147
1607,600893.SH,20140627,23.79,24.64,23.6,24.34,23.6,0.74,3.14,183621.78,445969.319
1608,600893.SH,20140626,23.5,23.79,23.35,23.6,23.5,0.1,0.43,85840.18,202279.476
1609,600893.SH,20140625,23.74,23.91,23.45,23.5,23.9,-0.4,-1.67,104972.66,248476.035
1610,600893.SH,20140624,23.01,23.95,22.73,23.9,22.97,0.93,4.05,121612.15,284373.696
1611,600893.SH,20140623,23.16,23.55,22.87,22.97,22.96,0.01,0.04,74405.3,172521.201
1612,600893.SH,20140620,22.73,23.06,22.55,22.96,22.83,0.13,0.57,52115.27,119301.673
1613,600893.SH,20140619,23.18,23.68,22.27,22.83,23.61,-0.78,-3.3,123201.82,283349.568
1614,600893.SH,20140618,23.76,24.77,23.4,23.61,23.31,0.3,1.29,201212.64,484687.3
1615,600893.SH,20140617,23.7,23.8,23.28,23.31,23.87,-0.56,-2.35,86480.73,202912.675
1616,600893.SH,20140616,23.29,24.1,23.12,23.87,23.32,0.55,2.36,189129.52,448582.352
1617,600893.SH,20140613,23.47,23.6,23.05,23.32,23.34,-0.02,-0.09,158289.22,369889.19
1618,600893.SH,20140612,21.99,23.76,21.98,23.34,21.8,1.54,7.06,240616.2,557383.326
1619,600893.SH,20140611,21.83,22.08,21.65,21.8,21.78,0.02,0.09,75678.3,165484.606
1620,600893.SH,20140610,21.75,21.95,21.62,21.78,21.75,0.03,0.14,53183.79,115921.626
1621,600893.SH,20140609,21.46,22.06,21.45,21.75,21.43,0.32,1.49,106734.07,232757.075
1622,600893.SH,20140606,21.59,21.8,21.19,21.43,21.6,-0.17,-0.79,52208.49,112150.676
1623,600893.SH,20140605,21.35,21.83,21.11,21.6,21.29,0.31,1.46,92677.03,199302.59
1624,600893.SH,20140604,21.65,21.7,21.12,21.29,21.74,-0.45,-2.07,63532.75,135424.987
1625,600893.SH,20140603,21.85,21.95,21.63,21.74,21.83,-0.09,-0.41,60602.38,132078.268
1626,600893.SH,20140530,21.77,22.02,21.55,21.83,21.65,0.18,0.83,79175.63,172567.642
1627,600893.SH,20140529,21.7,21.93,21.5,21.65,21.6,0.05,0.23,77359.5,167933.94
1628,600893.SH,20140528,21.4,21.64,21.05,21.6,21.39,0.21,0.98,84716.7,181091.81
1629,600893.SH,20140527,21.61,21.92,21.35,21.39,21.61,-0.22,-1.02,60484.44,130701.212
1630,600893.SH,20140526,22.02,22.13,21.54,21.61,21.55,0.06,0.28,68974.67,149997.531
1631,600893.SH,20140523,21.46,21.71,21.3,21.63,21.46,0.17,0.79,52520.33,113007.485
1632,600893.SH,20140522,21.75,21.96,21.42,21.46,21.75,-0.29,-1.33,72938.5,157719.962
1633,600893.SH,20140521,21.3,21.76,21.22,21.75,21.57,0.18,0.83,66667.74,143707.456
1634,600893.SH,20140520,21.5,21.85,21.0,21.57,21.6,-0.03,-0.14,141132.43,301865.384
1635,600893.SH,20140519,23.5,23.7,21.55,21.6,22.91,-1.31,-5.72,161874.28,361873.877
1636,600893.SH,20140516,22.8,23.29,22.68,22.91,22.68,0.23,1.01,80971.37,185897.038
1637,600893.SH,20140515,22.8,23.49,22.66,22.68,22.87,-0.19,-0.83,108614.45,251262.046
1638,600893.SH,20140514,22.93,23.14,22.83,22.87,23.0,-0.13,-0.57,64965.54,149070.953
1639,600893.SH,20140513,22.78,23.06,22.61,23.0,22.83,0.17,0.74,84247.78,192728.196
1640,600893.SH,20140512,22.7,23.0,22.48,22.83,22.45,0.38,1.69,95209.51,216600.419
1641,600893.SH,20140509,22.77,22.77,22.1,22.45,22.65,-0.2,-0.88,61738.96,138226.782
1642,600893.SH,20140508,22.16,23.09,22.11,22.65,22.17,0.48,2.17,84536.42,192079.958
1643,600893.SH,20140507,22.8,22.8,22.13,22.17,22.83,-0.66,-2.89,53421.76,119881.728
1644,600893.SH,20140506,22.46,22.96,22.38,22.83,22.46,0.37,1.65,77788.05,176739.625
1645,600893.SH,20140505,22.14,22.58,21.81,22.46,22.1,0.36,1.63,52323.6,116271.214
1646,600893.SH,20140430,21.91,22.37,21.91,22.1,22.01,0.09,0.41,60150.42,133616.994
1647,600893.SH,20140429,21.99,22.2,21.32,22.01,21.73,0.28,1.29,83131.73,181087.396
1648,600893.SH,20140428,22.18,22.18,21.51,21.73,22.44,-0.71,-3.16,83495.94,182554.722
1649,600893.SH,20140425,23.0,23.07,22.34,22.44,23.08,-0.64,-2.77,73992.29,167461.834
1650,600893.SH,20140424,23.83,24.04,23.0,23.08,23.86,-0.78,-3.27,129490.2,305312.482
1651,600893.SH,20140423,22.9,24.04,22.72,23.86,23.05,0.81,3.51,191198.15,447939.2
1652,600893.SH,20140422,22.39,23.06,21.7,23.05,22.4,0.65,2.9,107793.56,240114.04
1653,600893.SH,20140421,22.68,23.18,22.36,22.4,23.0,-0.6,-2.61,73396.17,167063.511
1654,600893.SH,20140418,22.42,23.1,22.42,23.0,22.62,0.38,1.68,98423.66,223723.003
1655,600893.SH,20140417,23.87,24.09,22.41,22.62,23.18,-0.56,-2.42,215915.4,499943.138
1656,600893.SH,20140409,22.88,23.33,22.61,23.18,22.69,0.49,2.16,149812.02,345499.219
1657,600893.SH,20140408,21.1,23.25,21.05,22.69,21.15,1.54,7.28,198031.12,449806.237
1658,600893.SH,20140404,20.65,21.16,20.65,21.15,20.74,0.41,1.98,36577.81,76703.995
1659,600893.SH,20140403,21.12,21.24,20.63,20.74,20.99,-0.25,-1.19,46034.68,96140.892
1660,600893.SH,20140402,21.19,21.35,20.94,20.99,21.2,-0.21,-0.99,39422.0,82958.748
1661,600893.SH,20140401,20.8,21.25,20.74,21.2,20.84,0.36,1.73,57959.39,122450.599
1662,600893.SH,20140331,20.63,21.0,20.32,20.84,20.68,0.16,0.77,53992.63,111843.007
1663,600893.SH,20140328,21.65,21.8,20.5,20.68,21.61,-0.93,-4.3,97146.77,204052.699
1664,600893.SH,20140327,21.85,22.13,21.6,21.61,22.12,-0.51,-2.31,51586.37,112675.122
1665,600893.SH,20140326,22.1,22.32,21.75,22.12,22.15,-0.03,-0.14,53757.19,118463.421
1666,600893.SH,20140325,22.13,22.38,21.88,22.15,22.09,0.06,0.27,50678.64,112430.13
1667,600893.SH,20140324,22.15,22.38,21.91,22.09,22.24,-0.15,-0.67,73176.98,162082.484
1668,600893.SH,20140321,21.4,22.4,20.81,22.24,21.48,0.76,3.54,133401.87,287808.538
1669,600893.SH,20140320,22.05,22.15,21.46,21.48,22.2,-0.72,-3.24,64947.11,141361.013
1670,600893.SH,20140319,21.95,22.28,21.6,22.2,22.33,-0.13,-0.58,73487.95,161128.57
1671,600893.SH,20140318,22.5,22.54,22.2,22.33,22.44,-0.11,-0.49,78533.53,175641.302
1672,600893.SH,20140317,22.68,22.82,22.17,22.44,22.17,0.27,1.22,95018.24,213518.422
1673,600893.SH,20140314,22.4,22.55,22.0,22.17,22.54,-0.37,-1.64,67099.75,149135.797
1674,600893.SH,20140313,21.8,22.73,21.66,22.54,21.77,0.77,3.54,138219.55,309132.311
1675,600893.SH,20140312,21.56,21.91,21.2,21.77,21.74,0.03,0.14,87556.46,188575.28
1676,600893.SH,20140311,21.93,22.2,21.5,21.74,22.15,-0.41,-1.85,92370.68,200862.231
1677,600893.SH,20140310,22.0,22.33,21.4,22.15,22.71,-0.56,-2.47,139667.18,305053.896
1678,600893.SH,20140307,22.8,23.44,22.6,22.71,22.83,-0.12,-0.53,88475.64,203355.849
1679,600893.SH,20140306,23.47,23.55,22.5,22.83,23.49,-0.66,-2.81,128283.05,292895.318
1680,600893.SH,20140305,23.8,24.2,23.28,23.49,24.11,-0.62,-2.57,141121.25,333125.281
1681,600893.SH,20140304,23.5,24.4,23.12,24.11,23.71,0.4,1.69,191909.26,461215.971
1682,600893.SH,20140303,23.93,24.88,23.36,23.71,23.05,0.66,2.86,226538.77,543691.988
1683,600893.SH,20140228,22.11,23.28,22.07,23.05,22.21,0.84,3.78,146038.52,330874.349
1684,600893.SH,20140227,22.11,23.33,22.11,22.21,21.96,0.25,1.14,237923.76,540229.41
1685,600893.SH,20140226,22.41,22.41,20.83,21.96,22.58,-0.62,-2.75,220561.49,477039.203
1686,600893.SH,20140225,24.96,25.0,22.39,22.58,24.88,-2.3,-9.24,423018.23,989867.745
1687,600893.SH,20140224,25.0,25.77,24.72,24.88,25.29,-0.41,-1.62,146729.38,370014.203
1688,600893.SH,20140221,25.08,25.65,24.61,25.29,25.2,0.09,0.36,128140.86,320724.803
1689,600893.SH,20140220,25.66,26.35,25.15,25.2,25.55,-0.35,-1.37,186465.47,480304.009
1690,600893.SH,20140219,25.88,25.88,25.15,25.55,25.93,-0.38,-1.47,116970.21,297913.091
1691,600893.SH,20140218,26.01,26.18,25.58,25.93,25.93,0.0,0.0,216258.16,559799.389
1692,600893.SH,20140217,24.1,25.93,24.1,25.93,23.57,2.36,10.01,287389.37,733599.282
1693,600893.SH,20140214,23.35,23.87,23.35,23.57,23.31,0.26,1.12,136515.42,321619.729
1694,600893.SH,20140213,24.03,24.05,23.26,23.31,24.19,-0.88,-3.64,149857.25,353544.422
1695,600893.SH,20140212,23.81,24.81,23.37,24.19,23.8,0.39,1.64,183003.02,439907.808
1696,600893.SH,20140211,24.58,24.64,23.68,23.8,24.68,-0.88,-3.57,231760.8,557504.149
1697,600893.SH,20140210,24.4,25.44,24.14,24.68,24.35,0.33,1.36,218379.0,542440.294
1698,600893.SH,20140207,23.93,25.1,23.7,24.35,23.95,0.4,1.67,266793.29,652494.793
1699,600893.SH,20140130,21.94,24.21,21.8,23.95,22.01,1.94,8.81,385848.71,905270.557
1700,600893.SH,20140129,20.3,22.26,20.3,22.01,20.24,1.77,8.75,310336.55,675653.3
1701,600893.SH,20140128,20.76,21.03,20.0,20.24,20.78,-0.54,-2.6,102959.81,209988.82
1702,600893.SH,20140127,20.62,21.29,20.41,20.78,20.82,-0.04,-0.19,158996.23,331304.603
1703,600893.SH,20140124,19.96,20.9,19.78,20.82,19.92,0.9,4.52,149878.95,303499.108
1704,600893.SH,20140123,20.15,20.32,19.86,19.92,20.15,-0.23,-1.14,116283.95,233818.831
1705,600893.SH,20140122,19.84,20.3,19.71,20.15,19.91,0.24,1.21,144711.83,290291.125
1706,600893.SH,20140121,19.9,19.97,19.44,19.91,19.8,0.11,0.56,81837.63,161524.189
1707,600893.SH,20140120,19.81,20.32,19.42,19.8,19.94,-0.14,-0.7,99124.38,196006.976
1708,600893.SH,20140117,20.19,20.19,19.74,19.94,20.22,-0.28,-1.38,144762.76,289305.46
1709,600893.SH,20140116,19.8,20.55,19.57,20.22,19.55,0.67,3.43,295998.36,593532.307
1710,600893.SH,20140115,17.8,19.55,17.78,19.55,17.77,1.78,10.02,259341.46,502217.069
1711,600893.SH,20140114,17.4,17.89,17.3,17.77,17.4,0.37,2.13,46472.68,82109.729
1712,600893.SH,20140113,17.4,17.72,17.2,17.4,17.4,0.0,0.0,54008.37,94163.178
1713,600893.SH,20140110,17.89,17.93,17.28,17.4,17.98,-0.58,-3.23,93225.48,163423.481
1714,600893.SH,20140109,18.28,18.48,17.86,17.98,18.31,-0.33,-1.8,74795.46,135521.971
1715,600893.SH,20140108,18.0,18.65,18.0,18.31,18.07,0.24,1.33,70933.71,129938.829
1716,600893.SH,20140107,17.85,18.25,17.75,18.07,17.94,0.13,0.72,60631.45,109439.512
1717,600893.SH,20140106,18.74,18.8,17.93,17.94,18.75,-0.81,-4.32,108103.31,196126.133
1718,600893.SH,20140103,19.18,19.25,18.6,18.75,19.27,-0.52,-2.7,99241.47,186844.362
1719,600893.SH,20140102,19.13,19.51,19.01,19.27,19.13,0.14,0.73,55742.36,107654.475
1720,600893.SH,20131231,19.36,19.49,18.94,19.13,19.44,-0.31,-1.59,51441.6,98739.223
1721,600893.SH,20131230,19.46,19.75,19.29,19.44,19.37,0.07,0.36,71123.38,138925.282
1722,600893.SH,20131227,18.83,19.42,18.83,19.37,18.83,0.54,2.87,79934.48,153995.138
1723,600893.SH,20131226,19.25,19.45,18.75,18.83,19.25,-0.42,-2.18,56709.38,108093.619
1724,600893.SH,20131225,19.21,19.51,19.05,19.25,19.21,0.04,0.21,79500.35,153126.961
1725,600893.SH,20131224,19.17,19.73,18.84,19.21,19.04,0.17,0.89,112340.3,217383.925
1726,600893.SH,20131223,18.32,19.19,18.11,19.04,18.32,0.72,3.93,121609.02,228406.907
1727,600893.SH,20131220,18.73,18.92,18.09,18.32,18.63,-0.31,-1.66,90907.8,167469.907
1728,600893.SH,20131219,19.01,19.2,18.58,18.63,18.88,-0.25,-1.32,64743.04,122434.932
1729,600893.SH,20131218,19.29,19.33,18.78,18.88,19.35,-0.47,-2.43,84827.23,161531.542
1730,600893.SH,20131217,19.1,19.65,18.76,19.35,19.07,0.28,1.47,131806.16,253381.632
1731,600893.SH,20131216,19.85,19.96,18.95,19.07,19.92,-0.85,-4.27,155607.59,299765.789
1732,600893.SH,20131213,19.8,20.12,19.7,19.92,19.99,-0.07,-0.35,68577.78,136558.567
1733,600893.SH,20131212,19.88,20.4,19.82,19.99,20.0,-0.01,-0.05,78966.45,158503.304
1734,600893.SH,20131211,20.36,20.36,19.86,20.0,20.39,-0.39,-1.91,121474.73,243280.031
1735,600893.SH,20131210,21.29,21.39,20.0,20.39,20.69,-0.3,-1.45,240767.79,497114.746
1736,600893.SH,20131209,20.3,20.74,20.16,20.69,20.16,0.53,2.63,127396.88,260412.678
1737,600893.SH,20131206,20.5,20.7,20.01,20.16,20.76,-0.6,-2.89,166970.69,338742.015
1738,600893.SH,20131205,20.9,21.64,20.61,20.76,20.75,0.01,0.05,196725.85,415143.146
1739,600893.SH,20131204,20.58,21.5,20.45,20.75,20.69,0.06,0.29,248766.24,524028.812
1740,600893.SH,20131203,19.93,21.0,19.7,20.69,19.83,0.86,4.34,249332.58,509279.043
1741,600893.SH,20131202,21.01,21.94,19.48,19.83,21.6,-1.77,-8.19,420928.67,868147.96
1742,600893.SH,20131129,20.25,22.2,20.21,21.6,20.35,1.25,6.14,372296.9,796050.498
1743,600893.SH,20131128,20.75,21.65,20.3,20.35,20.59,-0.24,-1.17,289134.74,605255.166
1744,600893.SH,20131127,19.9,20.76,19.72,20.59,19.97,0.62,3.1,258027.0,523869.715
1745,600893.SH,20131126,19.9,20.54,19.43,19.97,20.07,-0.1,-0.5,222034.81,443562.386
1746,600893.SH,20131125,20.5,20.82,19.78,20.07,19.88,0.19,0.96,357270.66,726936.101
1747,600893.SH,20131122,19.55,20.24,19.0,19.88,19.55,0.33,1.69,306399.42,606753.11
1748,600893.SH,20131121,20.0,20.76,19.41,19.55,20.22,-0.67,-3.31,480290.43,960549.592
1749,600893.SH,20131120,18.4,20.22,18.2,20.22,18.38,1.84,10.01,629434.23,1247002.727
1750,600893.SH,20131119,18.2,18.59,18.11,18.38,18.27,0.11,0.6,229353.76,420464.375
1751,600893.SH,20131118,17.71,18.63,17.5,18.27,17.58,0.69,3.92,356632.29,649468.907
1752,600893.SH,20131115,17.33,18.38,17.15,17.58,17.03,0.55,3.23,313700.2,554444.418
1753,600893.SH,20131114,16.04,17.12,15.61,17.03,15.97,1.06,6.6374,183320.67,303846.384
1754,600893.SH,20131113,16.75,17.2,15.9,15.97,16.04,-0.07,-0.44,96314.94,159069.309
1755,600893.SH,20131112,15.89,16.1,15.81,16.04,15.87,0.17,1.07,33202.63,53093.029
1756,600893.SH,20131111,16.15,16.2,15.8,15.87,16.15,-0.28,-1.73,41742.4,66620.609
1757,600893.SH,20131108,16.4,16.5,16.0,16.15,16.39,-0.24,-1.46,46940.76,76297.289
1758,600893.SH,20131107,16.5,16.58,16.3,16.39,16.5,-0.11,-0.67,32863.84,53962.074
1759,600893.SH,20131106,16.48,16.75,16.44,16.5,16.53,-0.03,-0.18,44320.17,73505.635
1760,600893.SH,20131105,16.56,16.73,16.22,16.53,16.59,-0.06,-0.36,51731.01,85305.036
1761,600893.SH,20131104,17.0,17.18,16.52,16.59,16.91,-0.32,-1.89,63092.81,105630.764
1762,600893.SH,20131101,16.9,16.98,16.68,16.91,16.78,0.13,0.77,28990.08,48828.958
1763,600893.SH,20131031,17.01,17.1,16.65,16.78,17.06,-0.28,-1.64,45285.72,76344.412
1764,600893.SH,20131030,16.3,17.1,16.2,17.06,16.38,0.68,4.15,73797.59,123362.65
1765,600893.SH,20131029,16.76,16.97,15.98,16.38,16.81,-0.43,-2.56,86040.85,141327.537
1766,600893.SH,20131028,16.44,17.18,16.38,16.81,16.47,0.34,2.06,73900.18,124703.903
1767,600893.SH,20131025,16.9,17.0,16.2,16.47,16.89,-0.42,-2.49,72790.34,120610.414
1768,600893.SH,20131024,17.3,17.3,16.88,16.89,17.3,-0.41,-2.37,75924.45,129306.116
1769,600893.SH,20131023,17.7,17.85,17.09,17.3,17.76,-0.46,-2.59,110651.39,193365.299
1770,600893.SH,20131022,17.39,17.92,17.25,17.76,17.35,0.41,2.36,193913.59,340916.958
1771,600893.SH,20131021,17.13,17.38,16.92,17.35,17.01,0.34,2.0,124283.62,213291.003
1772,600893.SH,20131018,16.78,17.04,16.71,17.01,16.73,0.28,1.67,58025.3,98318.931
1773,600893.SH,20131017,17.15,17.2,16.69,16.73,16.92,-0.19,-1.12,59867.42,101205.356
1774,600893.SH,20131016,17.13,17.28,16.7,16.92,17.19,-0.27,-1.57,118608.15,200225.739
1775,600893.SH,20131015,17.52,17.54,17.13,17.19,17.42,-0.23,-1.32,81859.52,141569.637
1776,600893.SH,20131014,17.25,17.53,17.02,17.42,17.19,0.23,1.34,127483.36,220760.775
1777,600893.SH,20131011,17.25,17.38,17.04,17.19,17.2,-0.01,-0.06,81365.32,139921.622
1778,600893.SH,20131010,17.15,17.27,16.78,17.2,17.13,0.07,0.41,98685.66,168206.67
1779,600893.SH,20131009,16.7,17.2,16.61,17.13,16.71,0.42,2.51,89311.19,151689.104
1780,600893.SH,20131008,16.33,16.87,15.98,16.71,16.34,0.37,2.26,115805.69,190000.096
1781,600893.SH,20130930,16.41,16.6,16.1,16.34,16.34,0.0,0.0,67368.3,109564.105
1782,600893.SH,20130927,16.33,16.5,16.23,16.34,16.24,0.1,0.62,63075.34,103200.594
1783,600893.SH,20130926,16.7,16.83,16.2,16.24,16.8,-0.56,-3.33,102221.41,168717.373
1784,600893.SH,20130925,17.15,17.38,16.77,16.8,17.25,-0.45,-2.61,124109.72,211448.508
1785,600893.SH,20130924,17.37,17.37,17.13,17.25,17.31,-0.06,-0.35,65419.64,112679.782
1786,600893.SH,20130923,17.3,17.45,17.19,17.31,17.19,0.12,0.7,70189.02,121529.125
1787,600893.SH,20130918,17.16,17.37,17.0,17.19,17.24,-0.05,-0.29,73864.69,126996.738
1788,600893.SH,20130917,17.18,17.68,17.09,17.24,17.24,0.0,0.0,100297.93,174209.576
1789,600893.SH,20130916,17.42,17.86,17.01,17.24,17.39,-0.15,-0.86,135628.36,235842.635
1790,600893.SH,20130913,17.58,17.7,17.23,17.39,17.71,-0.32,-1.81,77692.37,134991.651
1791,600893.SH,20130912,17.2,17.8,17.08,17.71,17.2,0.51,2.97,181178.36,315459.897
1792,600893.SH,20130911,18.55,18.85,17.05,17.2,18.06,-0.86,-4.76,307938.86,545790.702
1793,600893.SH,20130910,18.25,18.39,17.88,18.06,18.49,-0.43,-2.33,221174.21,399700.541
1794,600893.SH,20130909,18.38,19.08,18.01,18.49,18.32,0.17,0.93,242111.54,448724.345
1795,600893.SH,20130906,18.01,18.43,17.93,18.32,17.86,0.46,2.58,207363.5,377570.279
1796,600893.SH,20130905,18.29,18.29,17.78,17.86,18.26,-0.4,-2.19,161141.76,289332.753
1797,600893.SH,20130904,17.61,18.5,17.61,18.26,17.59,0.67,3.81,348608.98,633745.746
1798,600893.SH,20130903,17.18,17.6,16.88,17.59,17.21,0.38,2.21,196263.48,339248.73
1799,600893.SH,20130902,17.6,17.94,17.16,17.21,17.2,0.01,0.06,196241.28,344078.844
1800,600893.SH,20130830,17.1,17.44,16.69,17.2,17.15,0.05,0.29,149091.75,253733.343
1801,600893.SH,20130829,17.55,17.79,16.95,17.15,17.73,-0.58,-3.27,188466.52,325463.271
1802,600893.SH,20130828,16.8,18.25,16.8,17.73,16.74,0.99,5.91,397712.12,697488.472
1803,600893.SH,20130827,16.6,16.77,16.44,16.74,16.56,0.18,1.09,108331.27,180060.347
1804,600893.SH,20130826,16.16,16.76,16.0,16.56,16.18,0.38,2.35,150375.63,249094.937
1805,600893.SH,20130823,15.73,16.2,15.59,16.18,15.66,0.52,3.32,128194.4,204117.889
1806,600893.SH,20130822,15.78,15.86,15.61,15.66,15.79,-0.13,-0.82,77155.66,121197.331
1807,600893.SH,20130821,15.91,15.96,15.61,15.79,15.84,-0.05,-0.32,79770.95,125334.909
1808,600893.SH,20130820,16.18,16.3,15.7,15.84,16.16,-0.32,-1.98,109815.47,176161.358
1809,600893.SH,20130819,15.91,16.2,15.87,16.16,15.94,0.22,1.38,81256.28,130371.301
1810,600893.SH,20130816,16.59,17.27,15.9,15.94,16.57,-0.63,-3.8,137049.07,224442.424
1811,600893.SH,20130815,16.7,16.93,16.52,16.57,16.68,-0.11,-0.66,100210.52,167725.61
1812,600893.SH,20130814,16.68,16.79,16.45,16.68,16.67,0.01,0.06,82139.85,136734.711
1813,600893.SH,20130813,16.93,16.95,16.58,16.67,16.84,-0.17,-1.01,100973.38,168525.158
1814,600893.SH,20130812,16.49,16.86,16.38,16.84,16.32,0.52,3.19,151488.09,252371.076
1815,600893.SH,20130809,16.16,16.42,15.9,16.32,16.14,0.18,1.12,77177.49,124767.591
1816,600893.SH,20130808,16.3,16.47,16.09,16.14,16.36,-0.22,-1.34,71615.52,116670.442
1817,600893.SH,20130807,16.59,16.88,16.29,16.36,16.57,-0.21,-1.27,113726.12,188338.256
1818,600893.SH,20130806,16.1,16.6,16.09,16.57,16.14,0.43,2.66,127053.42,208606.051
1819,600893.SH,20130805,15.76,16.2,15.75,16.14,15.9,0.24,1.51,65134.61,104563.073
1820,600893.SH,20130802,16.11,16.2,15.81,15.9,16.08,-0.18,-1.12,97589.31,156683.684
1821,600893.SH,20130801,15.8,16.15,15.8,16.08,15.83,0.25,1.58,84618.28,135342.813
1822,600893.SH,20130731,15.61,15.99,15.57,15.83,15.6,0.23,1.47,84454.94,133249.732
1823,600893.SH,20130730,15.61,15.9,15.28,15.6,15.51,0.09,0.58,105906.27,165361.816
1824,600893.SH,20130729,16.01,16.04,15.43,15.51,16.15,-0.64,-3.96,131446.59,206755.554
1825,600893.SH,20130726,16.5,16.62,15.85,16.15,16.53,-0.38,-2.3,127803.04,206300.675
1826,600893.SH,20130725,16.95,17.1,16.5,16.53,16.94,-0.41,-2.42,105387.77,177230.754
1827,600893.SH,20130724,16.82,17.15,16.69,16.94,16.81,0.13,0.77,136169.35,229910.183
1828,600893.SH,20130723,16.3,16.85,16.28,16.81,16.32,0.49,3.0,126223.11,209903.211
1829,600893.SH,20130722,16.15,16.42,15.91,16.32,16.15,0.17,1.05,106669.05,172727.865
1830,600893.SH,20130719,17.19,17.27,16.1,16.15,17.05,-0.9,-5.28,161210.06,267787.464
1831,600893.SH,20130718,16.87,17.23,16.58,17.05,16.9,0.15,0.89,141823.93,240675.887
1832,600893.SH,20130717,17.4,17.57,16.83,16.9,17.42,-0.52,-2.99,173592.52,299246.595
1833,600893.SH,20130716,16.63,17.49,16.55,17.42,16.54,0.88,5.32,249237.16,426504.148
1834,600893.SH,20130715,16.55,16.84,16.42,16.54,16.49,0.05,0.3,129794.38,215877.605
1835,600893.SH,20130712,16.86,17.16,16.47,16.49,16.91,-0.42,-2.48,151988.27,256152.217
1836,600893.SH,20130711,16.52,17.18,16.42,16.91,16.4,0.51,3.11,193709.06,326965.442
1837,600893.SH,20130710,15.92,16.47,15.89,16.4,16.0,0.4,2.5,133710.76,216282.127
1838,600893.SH,20130709,15.81,16.03,15.57,16.0,15.79,0.21,1.33,118838.13,188472.026
1839,600893.SH,20130708,16.68,16.69,15.76,15.79,17.01,-1.22,-7.17,212456.67,342660.898
1840,600893.SH,20130705,17.81,18.28,16.95,17.01,17.67,-0.66,-3.74,247060.59,436081.404
1841,600893.SH,20130704,17.18,18.33,17.11,17.67,17.44,0.23,1.32,292717.65,522716.355
1842,600893.SH,20130703,17.68,17.7,16.8,17.44,17.78,-0.34,-1.91,193319.16,334225.798
1843,600893.SH,20130702,17.44,18.0,17.15,17.78,17.4,0.38,2.18,261645.27,460632.513
1844,600893.SH,20130701,16.28,17.48,16.2,17.4,16.48,0.92,5.58,256898.67,436651.453
1845,600893.SH,20130628,16.25,16.98,16.01,16.48,16.6,-0.12,-0.72,224546.56,371592.593
1846,600893.SH,20130627,17.73,17.88,16.0,16.6,17.78,-1.18,-6.64,357684.38,608275.865
1847,600893.SH,20130626,17.73,18.18,17.08,17.78,17.68,0.1,0.57,312991.57,553045.644
1848,600893.SH,20130625,17.6,18.08,16.28,17.68,18.09,-0.41,-2.27,468958.8,803260.695
1849,600893.SH,20130624,18.3,19.3,17.5,18.09,18.3,-0.21,-1.15,504801.2,935219.466
1850,600893.SH,20130621,17.75,18.9,17.6,18.3,18.84,-0.54,-2.87,510489.44,933904.219
1851,600893.SH,20130620,18.84,18.84,18.27,18.84,17.13,1.71,9.98,811741.67,1523705.713
1852,600893.SH,20130619,17.13,17.13,17.13,17.13,15.57,1.56,10.02,8091.92,13861.459
1853,600893.SH,20130618,15.57,15.57,15.57,15.57,14.15,1.42,10.04,19103.09,29743.511
1854,600893.SH,20130122,14.7,14.73,14.17,14.23,14.73,-0.5,-3.39,124664.93,179101.529
1855,600893.SH,20130121,14.33,14.87,14.28,14.73,14.61,0.12,0.82,154924.55,226180.871
1856,600893.SH,20130118,14.31,14.77,14.22,14.61,14.29,0.32,2.24,182139.93,264166.412
1857,600893.SH,20130117,15.7,15.7,14.29,14.29,15.88,-1.59,-10.01,377445.88,561483.167
1858,600893.SH,20130116,15.2,16.0,14.74,15.88,15.06,0.82,5.44,366294.92,564713.318
1859,600893.SH,20130115,15.31,16.51,14.89,15.06,15.19,-0.13,-0.86,440644.81,683937.03
1860,600893.SH,20130114,14.25,15.43,14.18,15.19,14.14,1.05,7.43,396963.64,592905.611
1861,600893.SH,20130111,14.05,14.89,13.99,14.14,13.99,0.15,1.07,250482.43,361649.276
1862,600893.SH,20130110,13.8,14.38,13.8,13.99,13.87,0.12,0.87,157523.88,221324.509
1863,600893.SH,20130109,14.2,14.4,13.62,13.87,14.33,-0.46,-3.21,225929.28,315232.965
1864,600893.SH,20130108,13.96,14.65,13.71,14.33,13.92,0.41,2.95,340110.59,483096.857
1865,600893.SH,20130107,12.61,13.96,12.49,13.92,12.69,1.23,9.69,388471.51,532388.756
1866,600893.SH,20130104,12.76,12.78,12.35,12.69,12.63,0.06,0.48,127076.98,158643.097
1867,600893.SH,20121231,12.03,12.7,12.03,12.63,11.98,0.65,5.43,143033.51,178992.003
1868,600893.SH,20121228,11.9,12.17,11.89,11.98,11.91,0.07,0.59,94911.84,114051.609
1869,600893.SH,20121227,11.94,12.46,11.85,11.91,11.93,-0.02,-0.17,207608.3,252530.186
1870,600893.SH,20121226,11.66,11.98,11.62,11.93,11.65,0.28,2.4,87123.16,102847.494
1871,600893.SH,20121225,11.5,11.79,11.41,11.65,11.52,0.13,1.13,107592.6,125286.316
1872,600893.SH,20121224,11.4,11.69,11.36,11.52,11.41,0.11,0.96,58333.58,67417.252
1873,600893.SH,20121221,11.24,11.63,11.19,11.41,11.17,0.24,2.15,109461.24,124832.717
1874,600893.SH,20121220,11.25,11.35,11.02,11.17,11.27,-0.1,-0.89,66274.38,74010.446
1875,600893.SH,20121219,11.33,11.43,11.21,11.27,11.34,-0.07,-0.62,55383.37,62650.579
1876,600893.SH,20121218,11.15,11.35,11.02,11.34,11.13,0.21,1.89,104324.01,116870.653
1877,600893.SH,20121217,11.13,11.29,11.01,11.13,11.06,0.07,0.63,86323.59,96190.312
1878,600893.SH,20121214,10.62,11.07,10.56,11.06,10.56,0.5,4.73,102728.23,111872.874
1879,600893.SH,20121213,10.76,10.79,10.55,10.56,10.81,-0.25,-2.31,52305.06,55698.648
1880,600893.SH,20121212,10.85,10.92,10.68,10.81,10.88,-0.07,-0.64,45619.87,49320.389
1881,600893.SH,20121211,10.88,10.99,10.69,10.88,10.9,-0.02,-0.18,77470.14,84015.606
1882,600893.SH,20121210,11.01,11.18,10.73,10.9,10.64,0.26,2.44,108971.97,119031.191
1883,600893.SH,20121207,10.46,10.66,10.32,10.64,10.46,0.18,1.72,63675.37,67125.015
1884,600893.SH,20121206,10.59,10.9,10.41,10.46,10.55,-0.09,-0.85,61845.24,65786.294
1885,600893.SH,20121205,10.27,10.69,10.27,10.55,10.3,0.25,2.43,77824.49,81808.089
1886,600893.SH,20121204,10.02,10.37,10.0,10.3,10.09,0.21,2.08,59516.5,60677.455
1887,600893.SH,20121203,10.14,10.22,9.91,10.09,10.13,-0.04,-0.39,45783.72,46018.817
1888,600893.SH,20121130,10.09,10.25,9.93,10.13,10.14,-0.01,-0.1,41365.01,41890.712
1889,600893.SH,20121129,10.38,10.5,9.89,10.14,10.37,-0.23,-2.22,78953.41,79592.511
1890,600893.SH,20121128,10.69,10.69,10.25,10.37,10.75,-0.38,-3.53,59956.9,62062.971
1891,600893.SH,20121127,11.1,11.1,10.65,10.75,11.11,-0.36,-3.24,63896.61,69096.264
1892,600893.SH,20121126,11.23,11.34,11.1,11.11,11.11,0.0,0.0,46362.92,52049.548
1893,600893.SH,20121123,11.09,11.24,11.03,11.11,11.02,0.09,0.82,30981.17,34523.54
1894,600893.SH,20121122,11.05,11.12,10.95,11.02,11.12,-0.1,-0.9,30109.09,33207.902
1895,600893.SH,20121121,10.93,11.14,10.77,11.12,10.93,0.19,1.74,45740.71,50141.311
1896,600893.SH,20121120,11.3,11.33,10.92,10.93,11.19,-0.26,-2.32,43595.72,48220.197
1897,600893.SH,20121119,11.23,11.3,11.03,11.19,11.18,0.01,0.09,37910.68,42398.931
1898,600893.SH,20121116,11.02,11.19,10.85,11.18,11.05,0.13,1.18,57537.63,63694.228
1899,600893.SH,20121115,11.3,11.3,11.03,11.05,11.35,-0.3,-2.64,61936.5,69183.321
1900,600893.SH,20121114,11.55,11.7,11.17,11.35,11.55,-0.2,-1.73,73088.94,83284.795
1901,600893.SH,20121113,12.16,12.2,11.54,11.55,12.13,-0.58,-4.78,108042.9,127238.213
1902,600893.SH,20121112,12.03,12.77,11.8,12.13,11.99,0.14,1.17,187910.68,229964.312
1903,600893.SH,20121109,11.69,12.0,11.6,11.99,11.58,0.41,3.54,111080.17,131346.42
1904,600893.SH,20121108,11.7,12.03,11.5,11.58,11.87,-0.29,-2.44,101835.04,120149.598
1905,600893.SH,20121107,11.61,12.04,11.49,11.87,11.66,0.21,1.8,104403.2,123200.354
1906,600893.SH,20121106,11.6,11.67,11.24,11.66,11.63,0.03,0.26,62806.76,71909.48
1907,600893.SH,20121105,11.63,11.8,11.52,11.63,11.71,-0.08,-0.68,86521.57,100626.076
1908,600893.SH,20121102,11.39,11.95,11.3,11.71,11.33,0.38,3.35,156033.35,182445.201
1909,600893.SH,20121101,11.08,11.47,11.03,11.33,11.0,0.33,3.0,107003.8,120985.182
1910,600893.SH,20121031,10.88,11.04,10.78,11.0,10.88,0.12,1.1,45319.58,49636.152
1911,600893.SH,20121030,10.83,11.02,10.77,10.88,10.81,0.07,0.65,27749.05,30154.402
1912,600893.SH,20121029,10.95,11.04,10.75,10.81,11.01,-0.2,-1.82,35820.85,38982.751
1913,600893.SH,20121026,11.25,11.28,10.91,11.01,11.15,-0.14,-1.26,53396.5,59107.618
1914,600893.SH,20121025,11.12,11.35,11.06,11.15,11.11,0.04,0.36,43529.24,48772.297
1915,600893.SH,20121024,11.36,11.36,10.98,11.11,11.37,-0.26,-2.29,82122.17,91614.219
1916,600893.SH,20121023,11.7,11.72,11.35,11.37,11.68,-0.31,-2.65,39501.14,45529.199
1917,600893.SH,20121022,11.72,11.78,11.57,11.68,11.8,-0.12,-1.02,32787.25,38165.086
1918,600893.SH,20121019,11.82,11.94,11.72,11.8,11.75,0.05,0.43,32354.93,38252.025
1919,600893.SH,20121018,11.68,11.8,11.6,11.75,11.63,0.12,1.03,36383.22,42617.995
1920,600893.SH,20121017,11.68,11.75,11.56,11.63,11.67,-0.04,-0.34,20374.47,23742.136
1921,600893.SH,20121016,11.54,11.73,11.44,11.67,11.54,0.13,1.13,28784.05,33441.644
1922,600893.SH,20121015,11.7,11.72,11.41,11.54,11.61,-0.07,-0.6,19335.88,22300.349
1923,600893.SH,20121012,11.71,11.82,11.45,11.61,11.62,-0.01,-0.09,29923.65,34816.34
1924,600893.SH,20121011,11.88,12.04,11.61,11.62,12.0,-0.38,-3.17,45609.18,53965.503
1925,600893.SH,20121010,11.79,12.08,11.74,12.0,11.82,0.18,1.52,49931.67,59796.957
1926,600893.SH,20121009,11.72,11.92,11.61,11.82,11.61,0.21,1.81,73824.23,87116.781
1927,600893.SH,20121008,11.7,11.87,11.56,11.61,11.7,-0.09,-0.77,43719.44,51132.228
1928,600893.SH,20120928,11.2,11.75,11.2,11.7,11.31,0.39,3.45,69654.41,80187.187
1929,600893.SH,20120927,11.04,11.46,11.03,11.31,11.04,0.27,2.45,50727.7,56958.404
1930,600893.SH,20120926,11.25,11.31,11.0,11.04,11.17,-0.13,-1.16,54855.38,61195.319
1931,600893.SH,20120925,11.39,11.57,11.14,11.17,11.39,-0.22,-1.93,56364.0,63711.556
1932,600893.SH,20120924,11.27,11.5,11.19,11.39,11.17,0.22,1.97,68920.39,78451.78
1933,600893.SH,20120921,11.7,11.7,11.08,11.17,11.83,-0.66,-5.58,126835.12,143212.742
1934,600893.SH,20120920,12.21,12.43,11.74,11.83,12.14,-0.31,-2.55,71145.1,86247.08
1935,600893.SH,20120919,12.4,12.46,12.05,12.14,12.24,-0.1,-0.82,57732.6,70421.42
1936,600893.SH,20120918,12.33,12.53,11.99,12.24,12.36,-0.12,-0.97,61764.95,75483.438
1937,600893.SH,20120917,12.61,12.98,12.33,12.36,12.72,-0.36,-2.83,100305.19,127580.701
1938,600893.SH,20120914,12.99,13.17,12.68,12.72,13.12,-0.4,-3.05,143411.96,184617.476
1939,600893.SH,20120913,12.74,13.55,12.6,13.12,12.74,0.38,2.98,210543.04,275937.344
1940,600893.SH,20120912,12.68,12.95,12.4,12.74,12.63,0.11,0.87,183683.0,232478.792
1941,600893.SH,20120911,12.88,13.15,12.52,12.63,12.35,0.28,2.27,179424.16,228519.558
1942,600893.SH,20120910,12.02,12.75,12.0,12.35,12.04,0.31,2.57,107699.57,134241.106
1943,600893.SH,20120907,11.83,12.24,11.72,12.04,11.65,0.39,3.35,147802.07,177215.955
1944,600893.SH,20120906,11.54,11.76,11.5,11.65,11.63,0.02,0.17,63053.12,73271.993
1945,600893.SH,20120905,11.1,11.72,11.04,11.63,11.13,0.5,4.49,124687.51,143697.086
1946,600893.SH,20120904,11.11,11.19,10.97,11.13,11.14,-0.01,-0.09,37589.64,41610.834
1947,600893.SH,20120903,10.95,11.21,10.92,11.14,11.05,0.09,0.81,32916.13,36618.853
1948,600893.SH,20120831,11.06,11.15,10.88,11.05,11.13,-0.08,-0.72,39900.27,43821.577
1949,600893.SH,20120830,11.4,11.48,10.99,11.13,11.45,-0.32,-2.79,71950.19,80575.386
1950,600893.SH,20120829,11.55,11.63,11.31,11.45,11.58,-0.13,-1.12,65766.74,75284.149
1951,600893.SH,20120828,11.36,11.66,11.3,11.58,11.37,0.21,1.85,89793.0,103467.879
1952,600893.SH,20120827,11.17,11.42,11.13,11.37,11.24,0.13,1.16,91516.05,103566.129
1953,600893.SH,20120824,11.05,11.39,10.96,11.24,11.08,0.16,1.44,118077.02,133014.379
1954,600893.SH,20120823,11.1,11.14,11.0,11.08,11.08,0.0,0.0,47370.68,52503.84
1955,600893.SH,20120822,11.14,11.2,11.02,11.08,11.14,-0.06,-0.54,46775.57,51895.199
1956,600893.SH,20120821,10.93,11.2,10.93,11.14,10.98,0.16,1.46,64870.02,72073.046
1957,600893.SH,20120820,10.88,11.02,10.83,10.98,10.98,0.0,0.0,34439.06,37581.42
1958,600893.SH,20120817,10.91,11.08,10.81,10.98,10.98,0.0,0.0,61156.29,66807.861
1959,600893.SH,20120816,10.95,11.18,10.9,10.98,10.94,0.04,0.37,57855.11,63891.274
1960,600893.SH,20120815,10.82,11.12,10.8,10.94,10.87,0.07,0.64,75035.54,82292.851
1961,600893.SH,20120814,11.04,11.3,10.75,10.87,11.17,-0.3,-2.69,131896.95,143860.509
1962,600893.SH,20120813,11.5,11.55,11.11,11.17,11.56,-0.39,-3.37,78108.06,88443.399
1963,600893.SH,20120810,11.4,11.57,11.33,11.56,11.51,0.05,0.43,56970.39,65400.09
1964,600893.SH,20120809,11.47,11.56,11.34,11.51,11.47,0.04,0.35,54137.29,61957.782
1965,600893.SH,20120808,11.49,11.74,11.46,11.47,11.49,-0.02,-0.17,52757.99,61216.993
1966,600893.SH,20120807,11.36,11.61,11.28,11.49,11.37,0.12,1.06,56560.19,64952.615
1967,600893.SH,20120806,11.1,11.41,10.98,11.37,11.13,0.24,2.16,60036.23,67254.192
1968,600893.SH,20120803,11.0,11.15,10.87,11.13,10.95,0.18,1.64,45372.69,49753.147
1969,600893.SH,20120802,11.23,11.25,10.8,10.95,11.25,-0.3,-2.67,46890.6,51587.973
1970,600893.SH,20120801,11.17,11.35,11.16,11.25,11.13,0.12,1.08,34110.89,38383.415
1971,600893.SH,20120731,11.52,11.78,11.0,11.13,11.85,-0.72,-6.08,55377.88,62964.669
1972,600893.SH,20120730,11.98,12.17,11.78,11.85,11.92,-0.07,-0.59,50157.44,60263.587
1973,600893.SH,20120727,11.82,12.07,11.79,11.92,11.79,0.13,1.1,44497.61,53145.836
1974,600893.SH,20120726,11.87,11.95,11.77,11.79,11.8,-0.01,-0.08,43240.33,51243.053
1975,600893.SH,20120725,11.82,11.98,11.75,11.8,11.82,-0.02,-0.17,33283.08,39463.443
1976,600893.SH,20120724,11.75,11.97,11.6,11.82,11.87,-0.05,-0.42,38369.2,45473.887
1977,600893.SH,20120723,11.6,11.91,11.42,11.87,11.7,0.17,1.45,56616.91,66573.092
1978,600893.SH,20120720,11.78,11.9,11.5,11.7,11.85,-0.15,-1.27,52099.9,60899.892
1979,600893.SH,20120719,11.89,12.04,11.66,11.85,11.93,-0.08,-0.67,88559.54,105117.333
1980,600893.SH,20120718,11.64,12.2,11.47,11.93,11.69,0.24,2.05,69283.66,82212.74
1981,600893.SH,20120717,11.67,11.74,11.15,11.69,11.66,0.03,0.26,60164.84,69314.362
1982,600893.SH,20120716,12.86,12.92,11.57,11.66,12.85,-1.19,-9.26,167996.91,200712.623
1983,600893.SH,20120713,13.3,13.3,12.79,12.85,13.3,-0.45,-3.38,96183.27,124916.532
1984,600893.SH,20120712,13.3,13.48,12.93,13.3,13.4,-0.1,-0.75,92802.39,122492.057
1985,600893.SH,20120711,13.39,13.53,13.25,13.4,13.39,0.01,0.07,52948.35,71184.622
1986,600893.SH,20120710,13.18,13.59,13.16,13.39,13.33,0.06,0.45,53780.0,72064.285
1987,600893.SH,20120709,13.5,13.63,13.28,13.33,13.49,-0.16,-1.19,64690.46,86961.189
1988,600893.SH,20120706,13.51,13.68,13.17,13.49,13.46,0.03,0.22,68213.51,91440.362
1989,600893.SH,20120705,13.55,13.87,13.27,13.46,13.55,-0.09,-0.66,84044.65,113527.893
1990,600893.SH,20120704,13.12,14.0,12.91,13.55,13.05,0.5,3.83,156709.61,213857.537
1991,600893.SH,20120703,12.84,13.17,12.84,13.05,12.96,0.09,0.69,35653.42,46424.771
1992,600893.SH,20120702,13.1,13.24,12.93,12.96,13.01,-0.05,-0.38,52051.58,67909.391
1993,600893.SH,20120629,12.81,13.05,12.7,13.01,12.77,0.24,1.88,35255.16,45396.724
1994,600893.SH,20120628,13.02,13.11,12.72,12.77,13.01,-0.24,-1.84,34768.73,44998.123
1995,600893.SH,20120627,12.99,13.3,12.98,13.01,12.94,0.07,0.54,60561.0,79518.836
1996,600893.SH,20120626,12.71,12.99,12.5,12.94,12.77,0.17,1.33,44686.43,56806.569
1997,600893.SH,20120625,13.24,13.24,12.77,12.77,13.19,-0.42,-3.18,57496.76,74156.312
1998,600893.SH,20120621,13.5,13.5,13.14,13.19,13.54,-0.35,-2.58,48079.43,63705.715
1999,600893.SH,20120620,13.5,13.6,13.25,13.54,13.51,0.03,0.22,61540.35,82682.954
2000,600893.SH,20120619,13.95,13.96,13.44,13.51,13.95,-0.44,-3.15,92811.2,126548.77
2001,600893.SH,20120618,14.13,14.14,13.89,13.95,13.98,-0.03,-0.21,46903.22,65552.705
2002,600893.SH,20120615,13.98,14.09,13.77,13.98,13.99,-0.01,-0.07,56892.22,79324.578
2003,600893.SH,20120614,13.87,14.15,13.76,13.99,13.87,0.12,0.87,78016.75,109156.145
2004,600893.SH,20120613,13.91,13.99,13.61,13.87,13.87,0.0,0.0,87765.13,120600.178
2005,600893.SH,20120612,14.15,14.15,13.76,13.87,14.15,-0.28,-1.98,49196.51,68409.179
2006,600893.SH,20120611,13.97,14.16,13.9,14.15,13.75,0.4,2.91,72481.06,101883.711
2007,600893.SH,20120608,13.88,14.34,13.71,13.75,13.76,-0.01,-0.07,84379.98,118006.757
2008,600893.SH,20120607,14.04,14.18,13.7,13.76,13.92,-0.16,-1.15,36634.63,51036.528
2009,600893.SH,20120606,14.03,14.15,13.75,13.92,13.92,0.0,0.0,37388.15,52176.37
2010,600893.SH,20120605,14.05,14.15,13.84,13.92,13.94,-0.02,-0.14,40578.56,56622.655
2011,600893.SH,20120604,14.77,14.77,14.0,14.01,14.97,-0.96,-6.41,93203.73,133348.172
2012,600893.SH,20120601,15.09,15.18,14.88,14.97,15.08,-0.11,-0.73,40396.81,60583.109
2013,600893.SH,20120531,15.0,15.21,14.94,15.08,15.08,0.0,0.0,42354.32,64078.632
2014,600893.SH,20120530,15.18,15.21,14.88,15.08,15.18,-0.1,-0.66,65077.88,97840.864
2015,600893.SH,20120529,15.02,15.27,14.92,15.18,15.0,0.18,1.2,90662.26,136766.653
2016,600893.SH,20120528,15.04,15.18,14.64,15.0,14.91,0.09,0.6,63033.26,94082.736
2017,600893.SH,20120525,14.93,15.08,14.68,14.91,14.88,0.03,0.2,84971.15,126101.029
2018,600893.SH,20120524,15.12,15.22,14.8,14.88,15.12,-0.24,-1.59,79983.94,119646.327
2019,600893.SH,20120523,15.26,15.48,14.83,15.12,15.31,-0.19,-1.24,78193.3,118797.755
2020,600893.SH,20120522,15.12,15.36,15.12,15.31,15.11,0.2,1.32,51420.91,78485.158
2021,600893.SH,20120521,14.96,15.29,14.8,15.11,14.8,0.31,2.09,58205.48,87768.574
2022,600893.SH,20120518,15.28,15.28,14.76,14.8,15.35,-0.55,-3.58,71428.47,107151.449
2023,600893.SH,20120517,15.33,15.53,15.26,15.35,15.28,0.07,0.46,65938.55,101400.8
2024,600893.SH,20120516,15.38,15.55,15.26,15.28,15.45,-0.17,-1.1,51798.0,79638.379
2025,600893.SH,20120515,15.3,15.46,15.12,15.45,15.4,0.05,0.32,49490.7,75510.292
2026,600893.SH,20120514,15.8,15.82,15.36,15.4,15.62,-0.22,-1.41,66060.86,102649.406
2027,600893.SH,20120511,15.76,15.84,15.61,15.62,15.81,-0.19,-1.2,58508.85,91888.91
2028,600893.SH,20120510,16.0,16.21,15.7,15.81,16.0,-0.19,-1.19,99883.88,158437.528
2029,600893.SH,20120509,16.21,16.57,15.99,16.0,16.2,-0.2,-1.23,155894.03,254037.633
2030,600893.SH,20120508,16.3,16.55,16.08,16.2,16.06,0.14,0.87,185380.04,301961.257
2031,600893.SH,20120507,15.8,16.07,15.71,16.06,15.91,0.15,0.94,116627.81,185794.644
2032,600893.SH,20120504,15.55,15.96,15.51,15.91,15.49,0.42,2.71,116435.86,184124.01
2033,600893.SH,20120503,15.49,15.78,15.38,15.49,15.45,0.04,0.26,85047.84,132488.026
2034,600893.SH,20120502,15.55,15.6,15.26,15.45,15.28,0.17,1.11,50032.77,77151.589
2035,600893.SH,20120427,15.49,15.65,15.24,15.28,15.56,-0.28,-1.8,48901.91,75121.27
2036,600893.SH,20120426,15.59,15.65,15.3,15.56,15.56,0.0,0.0,68808.89,106649.892
2037,600893.SH,20120425,15.49,15.59,15.11,15.56,15.5,0.06,0.39,82190.5,125852.609
2038,600893.SH,20120424,15.6,15.94,15.06,15.5,15.82,-0.32,-2.02,177612.23,276584.323
2039,600893.SH,20120423,15.5,16.2,15.47,15.82,15.57,0.25,1.61,206162.8,327749.338
2040,600893.SH,20120420,15.3,15.6,15.28,15.57,15.43,0.14,0.91,84894.67,131444.378
2041,600893.SH,20120419,15.2,15.63,15.15,15.43,15.29,0.14,0.92,109963.86,169683.243
2042,600893.SH,20120418,15.0,15.29,14.9,15.29,14.99,0.3,2.0,94230.32,142486.273
2043,600893.SH,20120416,15.08,15.18,14.95,14.99,15.23,-0.24,-1.58,48990.83,73723.979
2044,600893.SH,20120413,15.35,15.37,15.11,15.23,15.39,-0.16,-1.04,68582.29,104584.666
2045,600893.SH,20120412,15.13,15.48,15.05,15.39,15.09,0.3,1.99,106500.88,162916.687
2046,600893.SH,20120411,14.7,15.1,14.61,15.09,14.85,0.24,1.62,79563.03,118478.702
2047,600893.SH,20120410,14.51,14.87,14.13,14.85,14.61,0.24,1.64,67327.68,97474.167
2048,600893.SH,20120409,14.8,14.87,14.55,14.61,14.85,-0.24,-1.62,44583.77,65556.045
2049,600893.SH,20120406,14.78,14.96,14.63,14.85,14.75,0.1,0.68,70349.94,104272.296
2050,600893.SH,20120405,14.2,14.84,14.13,14.75,14.28,0.47,3.29,100461.13,146999.634
2051,600893.SH,20120330,14.12,14.42,13.97,14.28,14.14,0.14,0.99,109123.84,155168.822
2052,600893.SH,20120329,14.27,14.37,13.62,14.14,14.45,-0.31,-2.15,115264.81,161384.27
2053,600893.SH,20120328,15.36,15.36,14.39,14.45,15.28,-0.83,-5.43,104982.04,155092.12
2054,600893.SH,20120327,15.2,15.52,15.12,15.28,15.1,0.18,1.19,88499.32,135619.469
2055,600893.SH,20120326,15.3,15.43,15.0,15.1,15.31,-0.21,-1.37,66377.91,100583.691
2056,600893.SH,20120323,15.51,15.52,15.16,15.31,15.66,-0.35,-2.24,77307.26,118146.352
2057,600893.SH,20120322,15.61,15.83,15.5,15.66,15.6,0.06,0.38,69084.75,108221.537
2058,600893.SH,20120321,15.81,15.96,15.23,15.6,15.73,-0.13,-0.83,123546.32,192185.485
2059,600893.SH,20120320,16.47,16.47,15.72,15.73,16.39,-0.66,-4.03,118783.5,189334.313
2060,600893.SH,20120319,16.43,16.6,16.1,16.39,16.3,0.09,0.55,120013.21,195537.714
2061,600893.SH,20120316,16.13,16.4,15.85,16.3,15.81,0.49,3.1,134166.09,216882.2
2062,600893.SH,20120315,16.32,16.34,15.67,15.81,16.14,-0.33,-2.04,171706.81,274448.5
2063,600893.SH,20120314,16.95,17.05,15.92,16.14,16.94,-0.8,-4.72,239301.59,395319.564
2064,600893.SH,20120313,17.16,17.24,16.8,16.94,17.18,-0.24,-1.4,111173.97,188453.375
2065,600893.SH,20120312,17.16,17.38,16.97,17.18,16.94,0.24,1.42,142176.06,243559.824
2066,600893.SH,20120308,16.95,17.4,16.84,16.94,17.0,-0.06,-0.35,169253.5,288299.253
2067,600893.SH,20120307,16.68,17.53,16.55,17.0,16.93,0.07,0.41,222709.77,382878.508
2068,600893.SH,20120306,16.42,17.2,16.05,16.93,16.44,0.49,2.98,261352.29,436488.675
2069,600893.SH,20120305,16.7,17.2,16.37,16.44,16.26,0.18,1.11,254628.39,425928.447
2070,600893.SH,20120302,15.68,16.3,15.6,16.26,15.69,0.57,3.63,194444.98,312594.678
2071,600893.SH,20120301,15.34,16.0,15.34,15.69,15.29,0.4,2.62,168893.69,265359.487
2072,600893.SH,20120229,15.4,15.67,15.22,15.29,15.42,-0.13,-0.84,106863.36,165189.357
2073,600893.SH,20120228,15.74,15.96,15.34,15.42,15.87,-0.45,-2.84,170256.53,264776.296
2074,600893.SH,20120227,16.15,16.28,15.85,15.87,16.14,-0.27,-1.67,199319.17,320010.832
2075,600893.SH,20120224,15.86,16.35,15.61,16.14,15.92,0.22,1.38,235546.0,377305.381
2076,600893.SH,20120223,16.03,16.11,15.7,15.92,16.02,-0.1,-0.62,137588.81,218542.315
2077,600893.SH,20120222,15.82,16.37,15.75,16.02,15.84,0.18,1.14,222336.7,358746.956
2078,600893.SH,20120221,15.87,15.87,15.46,15.84,15.79,0.05,0.32,157684.13,247468.101
2079,600893.SH,20120220,15.49,15.86,15.33,15.79,15.29,0.5,3.27,257724.69,403078.734
2080,600893.SH,20120217,15.29,15.42,15.11,15.29,15.26,0.03,0.2,99607.82,152202.571
2081,600893.SH,20120216,15.55,15.77,15.13,15.26,15.5,-0.24,-1.55,119408.19,183762.038
2082,600893.SH,20120215,15.28,15.57,15.17,15.5,15.42,0.08,0.52,136443.7,210224.496
2083,600893.SH,20120214,15.58,15.65,15.25,15.42,15.57,-0.15,-0.96,115105.93,177084.161
2084,600893.SH,20120213,15.2,16.22,15.13,15.57,15.29,0.28,1.83,231592.88,364378.294
2085,600893.SH,20120210,15.06,15.4,14.95,15.29,15.13,0.16,1.06,148359.31,225233.062
2086,600893.SH,20120209,15.1,15.49,15.01,15.13,15.24,-0.11,-0.72,153783.24,233443.759
2087,600893.SH,20120208,14.6,15.5,14.46,15.24,14.74,0.5,3.39,257477.24,387480.673
2088,600893.SH,20120207,13.77,14.98,13.66,14.74,13.68,1.06,7.75,286055.79,407378.815
2089,600893.SH,20120206,13.81,13.97,13.5,13.68,13.79,-0.11,-0.8,82760.39,113589.767
2090,600893.SH,20120203,13.3,13.83,13.22,13.79,13.31,0.48,3.61,92628.79,126304.491
2091,600893.SH,20120202,13.18,13.33,13.0,13.31,13.12,0.19,1.45,45129.1,59399.583
2092,600893.SH,20120201,13.4,13.57,12.99,13.12,13.48,-0.36,-2.67,50246.07,66670.337
2093,600893.SH,20120131,13.45,13.59,13.2,13.48,13.49,-0.01,-0.07,38109.63,50815.049
2094,600893.SH,20120130,13.14,13.99,13.12,13.49,13.2,0.29,2.2,59210.16,80304.647
2095,600893.SH,20120119,13.48,13.64,13.17,13.2,13.32,-0.12,-0.9,59289.93,79164.984
2096,600893.SH,20120118,13.6,13.93,13.25,13.32,13.55,-0.23,-1.7,78853.38,106658.242
2097,600893.SH,20120117,12.88,13.78,12.68,13.55,12.89,0.66,5.12,85391.35,112371.502
2098,600893.SH,20120116,13.09,13.35,12.84,12.89,13.26,-0.37,-2.79,42782.89,55983.996
2099,600893.SH,20120113,14.06,14.09,13.1,13.26,14.1,-0.84,-5.96,90774.57,123075.592
2100,600893.SH,20120112,13.61,14.27,13.55,14.1,13.72,0.38,2.77,119286.39,167320.902
2101,600893.SH,20120111,13.8,13.96,13.62,13.72,13.79,-0.07,-0.51,75567.67,104041.517
2102,600893.SH,20120110,13.42,13.96,13.31,13.79,13.39,0.4,2.99,81612.3,111562.755
2103,600893.SH,20120109,12.92,13.46,12.74,13.39,12.95,0.44,3.4,43936.61,57853.87
2104,600893.SH,20120106,12.5,13.0,12.33,12.95,12.66,0.29,2.29,46314.66,58457.876
2105,600893.SH,20120105,13.3,13.51,12.64,12.66,13.29,-0.63,-4.74,58878.13,76515.302
2106,600893.SH,20120104,13.77,13.95,13.24,13.29,13.59,-0.3,-2.21,34955.58,47735.984
2107,600893.SH,20111230,13.69,13.71,13.49,13.59,13.59,0.0,0.0,73908.76,100595.484
2108,600893.SH,20111229,13.34,13.82,13.25,13.59,13.46,0.13,0.97,47777.84,65175.041
2109,600893.SH,20111228,13.35,13.5,12.88,13.46,13.48,-0.02,-0.15,68895.74,90087.604
2110,600893.SH,20111227,14.28,14.4,13.42,13.48,14.4,-0.92,-6.39,81368.49,112470.364
2111,600893.SH,20111226,14.2,14.68,14.06,14.4,14.38,0.02,0.14,55533.59,80108.24
2112,600893.SH,20111223,14.38,14.6,14.18,14.38,14.4,-0.02,-0.14,104069.16,149921.567
2113,600893.SH,20111222,13.78,14.46,13.6,14.4,13.88,0.52,3.75,110526.9,155612.945
2114,600893.SH,20111221,14.21,14.44,13.86,13.88,14.12,-0.24,-1.7,70221.45,99599.286
2115,600893.SH,20111220,13.87,14.4,13.75,14.12,13.99,0.13,0.93,104589.35,147936.263
2116,600893.SH,20111219,13.2,14.07,13.01,13.99,13.2,0.79,5.98,128295.64,174204.627
2117,600893.SH,20111216,12.85,13.27,12.7,13.2,12.82,0.38,2.96,68308.06,89333.418
2118,600893.SH,20111215,13.39,13.39,12.8,12.82,13.49,-0.67,-4.97,75354.65,97961.493
2119,600893.SH,20111214,13.6,13.97,13.4,13.49,13.68,-0.19,-1.39,56119.67,76763.238
2120,600893.SH,20111213,13.92,14.18,13.42,13.68,14.08,-0.4,-2.84,75103.33,103397.185
2121,600893.SH,20111212,14.0,14.35,13.53,14.08,13.98,0.1,0.72,74731.59,104922.314
2122,600893.SH,20111209,14.37,14.73,13.9,13.98,14.5,-0.52,-3.59,89098.52,127470.454
2123,600893.SH,20111208,14.58,14.8,14.18,14.5,14.59,-0.09,-0.62,95963.21,139450.722
2124,600893.SH,20111207,14.02,14.75,13.9,14.59,13.96,0.63,4.51,170631.21,247527.362
2125,600893.SH,20111206,13.83,14.05,13.51,13.96,13.85,0.11,0.79,79682.71,109417.633
2126,600893.SH,20111205,14.06,14.19,13.7,13.85,14.02,-0.17,-1.21,90055.99,125886.386
2127,600893.SH,20111202,13.69,14.44,13.69,14.02,13.89,0.13,0.94,167087.53,235883.516
2128,600893.SH,20111201,13.65,14.0,13.41,13.89,13.11,0.78,5.95,162483.52,223394.261
2129,600893.SH,20111130,13.76,13.89,12.92,13.11,13.8,-0.69,-5.0,96214.66,129192.35
2130,600893.SH,20111129,13.27,13.9,13.2,13.8,13.09,0.71,5.42,109892.41,150193.685
2131,600893.SH,20111128,13.02,13.18,12.96,13.09,13.06,0.03,0.23,33431.0,43624.31
2132,600893.SH,20111125,13.18,13.35,12.96,13.06,13.17,-0.11,-0.84,34075.97,44802.505
2133,600893.SH,20111124,13.18,13.25,12.91,13.17,13.26,-0.09,-0.68,40158.38,52629.434
2134,600893.SH,20111123,13.46,13.69,13.24,13.26,13.38,-0.12,-0.9,54263.43,72955.766
2135,600893.SH,20111122,13.38,13.6,13.25,13.38,13.61,-0.23,-1.69,40230.58,54005.371
2136,600893.SH,20111121,13.59,13.72,13.27,13.61,13.74,-0.13,-0.95,61360.02,82738.052
2137,600893.SH,20111118,14.1,14.26,13.68,13.74,14.45,-0.71,-4.91,123819.31,172194.605
2138,600893.SH,20111117,14.44,14.93,14.26,14.45,14.1,0.35,2.48,218294.31,318765.665
2139,600893.SH,20111116,14.29,14.29,13.75,14.1,14.29,-0.19,-1.33,128747.0,179746.496
2140,600893.SH,20111115,13.86,14.38,13.79,14.29,13.85,0.44,3.18,131731.42,186759.251
2141,600893.SH,20111114,13.4,13.95,13.4,13.85,13.32,0.53,3.98,93387.26,128444.977
2142,600893.SH,20111111,13.55,13.63,13.28,13.32,13.53,-0.21,-1.55,60414.04,81084.062
2143,600893.SH,20111110,13.6,13.87,13.46,13.53,13.77,-0.24,-1.74,100676.41,137658.156
2144,600893.SH,20111109,13.4,13.99,13.4,13.77,13.33,0.44,3.3,131772.5,181007.64
2145,600893.SH,20111108,13.58,13.72,13.31,13.33,13.61,-0.28,-2.06,85162.18,114982.571
2146,600893.SH,20111107,13.36,13.73,13.25,13.61,13.39,0.22,1.64,120083.41,162765.244
2147,600893.SH,20111104,13.48,13.58,13.2,13.39,13.39,0.0,0.0,89889.51,120443.725
2148,600893.SH,20111103,13.19,13.68,13.11,13.39,13.08,0.31,2.37,157512.72,211106.063
2149,600893.SH,20111102,12.55,13.12,12.39,13.08,12.88,0.2,1.55,110249.54,140427.547
2150,600893.SH,20111101,12.76,13.1,12.5,12.88,12.8,0.08,0.63,119325.05,153060.135
2151,600893.SH,20111031,12.74,13.2,12.58,12.8,12.48,0.32,2.56,164669.8,211818.604
2152,600893.SH,20111028,12.16,12.59,12.16,12.48,12.06,0.42,3.48,195816.01,242267.857
2153,600893.SH,20111027,12.1,12.2,12.0,12.06,12.07,-0.01,-0.08,74786.9,90358.724
2154,600893.SH,20111026,11.9,12.29,11.81,12.07,12.02,0.05,0.42,157133.91,189635.37
2155,600893.SH,20111025,11.47,12.13,11.3,12.02,11.5,0.52,4.52,157555.08,187090.396
2156,600893.SH,20111024,11.7,11.84,10.78,11.5,11.86,-0.36,-3.04,223119.35,253146.816
2157,600893.SH,20111021,11.61,12.05,11.3,11.86,12.45,-0.59,-4.74,295966.37,347735.468
2158,600893.SH,20111020,13.0,13.0,12.45,12.45,13.83,-1.38,-9.98,232900.66,290500.25
2159,600893.SH,20111019,14.01,14.22,13.82,13.83,14.07,-0.24,-1.71,60256.89,84446.394
2160,600893.SH,20111018,14.15,14.37,14.05,14.07,14.28,-0.21,-1.47,97889.45,138789.86
2161,600893.SH,20111017,13.86,14.29,13.7,14.28,13.78,0.5,3.63,116506.09,163871.214
2162,600893.SH,20111014,14.13,14.42,13.5,13.78,14.19,-0.41,-2.89,203903.31,285043.407
2163,600893.SH,20111013,14.1,14.5,14.0,14.19,14.1,0.09,0.64,175117.46,248797.399
2164,600893.SH,20111012,13.7,14.25,13.53,14.1,13.7,0.4,2.92,90034.24,126453.463
2165,600893.SH,20111011,14.3,14.39,13.49,13.7,13.73,-0.03,-0.22,53349.49,74223.867
2166,600893.SH,20111010,13.91,14.04,13.62,13.73,13.88,-0.15,-1.08,36506.89,50416.924
2167,600893.SH,20110930,14.31,14.49,13.72,13.88,14.22,-0.34,-2.39,58325.55,81502.803
2168,600893.SH,20110929,15.0,15.0,14.18,14.22,14.96,-0.74,-4.95,62084.88,90273.381
2169,600893.SH,20110928,15.4,15.52,14.85,14.96,15.37,-0.41,-2.67,106261.34,160427.317
2170,600893.SH,20110927,15.42,15.58,15.28,15.37,15.28,0.09,0.59,56057.11,86588.531
2171,600893.SH,20110926,15.51,15.69,15.16,15.28,15.63,-0.35,-2.24,57479.87,88522.775
2172,600893.SH,20110923,15.8,16.13,15.55,15.63,15.63,0.0,0.0,129737.06,205146.757
2173,600893.SH,20110922,16.2,16.27,15.6,15.63,16.34,-0.71,-4.35,74279.78,118594.065
2174,600893.SH,20110921,15.84,16.38,15.75,16.34,15.89,0.45,2.83,105366.97,169900.392
2175,600893.SH,20110920,15.35,16.15,15.22,15.89,15.31,0.58,3.79,75999.83,119932.809
2176,600893.SH,20110919,15.75,15.92,15.3,15.31,15.93,-0.62,-3.89,44161.08,68665.52
2177,600893.SH,20110916,16.05,16.24,15.85,15.93,15.84,0.09,0.57,53629.12,85891.994
2178,600893.SH,20110915,15.6,16.32,15.58,15.84,15.58,0.26,1.67,78726.59,125910.042
2179,600893.SH,20110914,15.36,15.59,15.23,15.58,15.25,0.33,2.16,47285.29,72771.009
2180,600893.SH,20110913,15.54,15.54,14.96,15.25,15.62,-0.37,-2.37,47319.08,72123.022
2181,600893.SH,20110909,15.8,16.1,15.45,15.62,15.81,-0.19,-1.2,40375.19,63373.437
2182,600893.SH,20110908,15.89,16.2,15.68,15.81,15.79,0.02,0.13,70018.05,111303.525
2183,600893.SH,20110907,15.4,15.8,15.4,15.79,15.43,0.36,2.33,68884.75,107573.006
2184,600893.SH,20110906,15.39,15.59,15.3,15.43,15.49,-0.06,-0.39,54789.81,84606.738
2185,600893.SH,20110905,16.0,16.01,15.45,15.49,16.16,-0.67,-4.15,70991.38,111669.869
2186,600893.SH,20110902,16.58,16.58,16.08,16.16,16.59,-0.43,-2.59,60256.41,97836.43
2187,600893.SH,20110901,16.68,16.83,16.45,16.59,16.61,-0.02,-0.12,49726.94,82832.914
2188,600893.SH,20110831,17.14,17.15,16.41,16.61,17.07,-0.46,-2.69,90138.93,150798.464
2189,600893.SH,20110830,17.6,17.68,17.02,17.07,17.45,-0.38,-2.18,68141.13,118158.806
2190,600893.SH,20110829,17.3,17.69,17.12,17.45,17.39,0.06,0.35,78293.99,136727.792
2191,600893.SH,20110826,17.49,17.65,17.3,17.39,17.45,-0.06,-0.34,76647.9,133943.389
2192,600893.SH,20110825,17.2,17.5,17.1,17.45,17.26,0.19,1.1,84960.22,147317.286
2193,600893.SH,20110824,17.12,17.54,17.1,17.26,16.97,0.29,1.71,85287.82,147913.315
2194,600893.SH,20110823,16.98,17.1,16.69,16.97,16.87,0.1,0.59,46356.25,78303.064
2195,600893.SH,20110822,17.13,17.3,16.73,16.87,17.13,-0.26,-1.52,65405.1,111426.363
2196,600893.SH,20110819,16.99,17.32,16.81,17.13,17.34,-0.21,-1.21,75656.04,129087.176
2197,600893.SH,20110818,17.45,17.76,17.26,17.34,17.49,-0.15,-0.86,85904.89,150293.086
2198,600893.SH,20110817,17.6,17.8,17.3,17.49,17.7,-0.21,-1.19,94972.39,166199.849
2199,600893.SH,20110816,18.35,18.37,17.69,17.7,18.1,-0.4,-2.21,120071.69,216020.281
2200,600893.SH,20110812,18.31,18.47,18.01,18.1,18.21,-0.11,-0.6,146407.46,266674.915
2201,600893.SH,20110811,17.71,18.36,17.71,18.21,18.16,0.05,0.28,199104.84,361151.969
2202,600893.SH,20110810,18.35,18.56,17.78,18.16,17.9,0.26,1.45,279197.26,507271.251
2203,600893.SH,20110809,16.58,17.97,16.22,17.9,17.09,0.81,4.74,294913.72,511635.437
2204,600893.SH,20110808,17.03,17.58,16.15,17.09,17.31,-0.22,-1.27,191625.75,325368.039
2205,600893.SH,20110805,16.65,17.57,16.48,17.31,17.3,0.01,0.06,174060.0,297087.346
2206,600893.SH,20110804,17.5,17.8,17.25,17.3,17.06,0.24,1.41,160360.3,280314.401
2207,600893.SH,20110803,17.0,17.45,16.91,17.06,17.32,-0.26,-1.5,93275.21,160043.208
2208,600893.SH,20110802,17.65,17.65,16.85,17.32,17.75,-0.43,-2.42,179392.86,307198.803
2209,600893.SH,20110801,17.85,18.1,17.61,17.75,17.86,-0.11,-0.62,101803.25,181394.026
2210,600893.SH,20110729,18.78,18.88,17.8,17.86,18.7,-0.84,-4.49,228925.63,414921.725
2211,600893.SH,20110728,18.98,19.38,18.4,18.7,18.96,-0.26,-1.37,256165.9,483031.72
2212,600893.SH,20110727,18.68,19.2,18.32,18.96,18.67,0.29,1.55,252731.78,476235.032
2213,600893.SH,20110726,18.58,19.0,17.88,18.67,18.59,0.08,0.43,235233.28,433382.599
2214,600893.SH,20110725,18.68,19.8,18.4,18.59,18.59,0.0,0.0,360642.17,688702.097
2215,600893.SH,20110722,18.8,19.09,18.42,18.59,18.75,-0.16,-0.85,125506.25,235209.679
2216,600893.SH,20110721,19.21,19.37,18.73,18.75,19.38,-0.63,-3.25,166104.1,315529.065
2217,600893.SH,20110720,19.52,19.75,19.1,19.38,19.36,0.02,0.1,140205.05,272523.107
2218,600893.SH,20110719,19.34,19.84,18.92,19.36,19.35,0.01,0.05,244219.17,474401.624
2219,600893.SH,20110718,18.71,19.5,18.71,19.35,18.69,0.66,3.53,289479.72,559085.483
2220,600893.SH,20110715,18.4,18.89,18.16,18.69,18.54,0.15,0.81,179933.48,333405.74
2221,600893.SH,20110714,18.77,19.58,18.48,18.54,18.72,-0.18,-0.96,281483.41,537102.527
2222,600893.SH,20110713,18.31,18.73,18.31,18.72,18.46,0.26,1.41,171498.21,317478.006
2223,600893.SH,20110712,18.53,18.7,18.1,18.46,18.86,-0.4,-2.12,249164.28,457730.732
2224,600893.SH,20110711,18.8,19.57,18.59,18.86,18.86,0.0,0.0,314229.2,600677.96
2225,600893.SH,20110708,18.2,18.98,18.14,18.86,18.29,0.57,3.12,302528.59,561917.068
2226,600893.SH,20110707,18.6,19.0,18.09,18.29,18.64,-0.35,-1.88,318065.06,592094.674
2227,600893.SH,20110706,18.01,18.78,17.65,18.64,17.89,0.75,4.19,432076.3,793259.042
2228,600893.SH,20110705,17.4,18.12,17.24,17.89,17.5,0.39,2.23,305215.66,544836.639
2229,600893.SH,20110704,17.05,17.72,16.93,17.5,17.03,0.47,2.76,256527.28,444601.447
2230,600893.SH,20110701,17.28,17.8,16.98,17.03,17.29,-0.26,-1.5,304850.19,530059.885
2231,600893.SH,20110630,16.88,17.39,16.58,17.29,16.92,0.37,2.19,281954.35,480156.811
2232,600893.SH,20110629,16.8,17.45,16.77,16.92,16.8,0.12,0.71,383553.66,655765.939
2233,600893.SH,20110628,16.95,17.17,16.59,16.8,17.21,-0.41,-2.38,428500.38,722864.525
2234,600893.SH,20110627,16.43,17.55,16.0,17.21,15.95,1.26,7.9,701983.44,1205269.119
2235,600893.SH,20110624,14.49,15.95,14.4,15.95,14.5,1.45,10.0,252562.68,391809.637
2236,600893.SH,20110623,13.88,14.6,13.61,14.5,14.0,0.5,3.57,117270.08,167290.701
2237,600893.SH,20110622,14.3,14.43,13.97,14.0,14.18,-0.18,-1.27,110657.32,157025.77
2238,600893.SH,20110621,14.5,14.6,13.98,14.18,14.47,-0.29,-2.0,121147.92,171622.81
2239,600893.SH,20110620,15.49,15.72,14.29,14.47,15.52,-1.05,-6.77,128682.69,191435.686
2240,600893.SH,20110617,15.38,15.75,15.25,15.52,15.43,0.09,0.58,92240.51,143087.901
2241,600893.SH,20110616,15.9,16.28,15.35,15.43,16.18,-0.75,-4.64,114227.88,180152.525
2242,600893.SH,20110615,15.7,16.48,15.55,16.18,15.91,0.27,1.7,169676.0,275985.975
2243,600893.SH,20110614,15.02,16.15,14.8,15.91,15.55,0.36,2.32,155544.54,241041.868
2244,600893.SH,20110613,15.25,16.13,15.16,15.55,15.08,0.47,3.12,96252.61,151540.444
2245,600893.SH,20110610,29.25,30.47,29.0,30.27,29.09,1.18,4.06,64787.96,194228.769
2246,600893.SH,20110609,29.94,30.2,29.01,29.09,29.94,-0.85,-2.84,37781.02,112177.5
2247,600893.SH,20110608,29.26,30.1,29.13,29.94,29.29,0.65,2.22,38332.09,114448.0
2248,600893.SH,20110607,29.45,29.45,29.0,29.29,28.93,0.36,1.24,25291.24,73933.083
2249,600893.SH,20110603,28.8,29.31,28.71,28.93,28.78,0.15,0.52,33215.98,96422.272
2250,600893.SH,20110602,28.0,28.93,27.9,28.78,28.52,0.26,0.91,46240.82,131797.444
2251,600893.SH,20110601,27.07,28.68,26.92,28.52,27.06,1.46,5.4,35426.42,98703.116
2252,600893.SH,20110531,26.79,27.08,26.4,27.06,26.53,0.53,2.0,16041.85,43012.159
2253,600893.SH,20110530,26.37,26.89,26.31,26.53,26.58,-0.05,-0.19,14574.76,38883.587
2254,600893.SH,20110527,27.4,27.4,26.2,26.58,27.22,-0.64,-2.35,31734.67,84549.483
2255,600893.SH,20110526,28.13,28.34,27.01,27.22,27.87,-0.65,-2.33,25832.52,71136.532
2256,600893.SH,20110525,28.59,28.72,27.8,27.87,28.59,-0.72,-2.52,28231.04,80029.332
2257,600893.SH,20110524,28.77,28.77,28.09,28.59,28.77,-0.18,-0.63,15974.06,45318.656
2258,600893.SH,20110523,29.75,29.95,28.57,28.77,29.81,-1.04,-3.49,23211.4,67764.731
2259,600893.SH,20110520,29.52,29.85,29.43,29.81,29.53,0.28,0.95,19093.95,56576.095
2260,600893.SH,20110519,29.5,30.0,29.42,29.53,29.4,0.13,0.44,21514.42,63928.307
2261,600893.SH,20110518,29.42,29.62,29.2,29.4,29.42,-0.02,-0.07,16257.14,47904.049
2262,600893.SH,20110517,28.9,29.65,28.89,29.42,28.89,0.53,1.83,30735.46,90161.343
2263,600893.SH,20110516,28.61,29.08,28.5,28.89,28.72,0.17,0.59,13941.65,40251.528
2264,600893.SH,20110513,28.62,28.85,28.23,28.72,28.61,0.11,0.38,15635.38,44601.992
2265,600893.SH,20110512,29.18,29.26,28.6,28.61,29.34,-0.73,-2.49,18273.11,52877.078
2266,600893.SH,20110511,29.13,29.69,29.07,29.34,29.12,0.22,0.76,22320.33,65631.802
2267,600893.SH,20110510,29.33,29.45,28.85,29.12,29.29,-0.17,-0.58,19301.81,56060.91
2268,600893.SH,20110509,29.1,29.73,29.0,29.29,29.03,0.26,0.9,18061.87,53059.169
2269,600893.SH,20110506,28.85,29.18,28.21,29.03,29.14,-0.11,-0.38,22021.09,63214.87
2270,600893.SH,20110505,29.02,29.37,28.9,29.14,28.99,0.15,0.52,14687.48,42817.874
2271,600893.SH,20110504,30.1,30.1,28.9,28.99,30.14,-1.15,-3.82,29383.58,86357.759
2272,600893.SH,20110503,29.9,30.15,29.53,30.14,29.84,0.3,1.01,20085.02,59904.904
2273,600893.SH,20110429,29.61,30.0,29.55,29.84,29.64,0.2,0.67,19036.25,56810.18
2274,600893.SH,20110428,29.88,30.08,29.35,29.64,29.76,-0.12,-0.4,30586.06,90993.848
2275,600893.SH,20110427,30.88,31.25,28.95,29.76,30.78,-1.02,-3.31,73332.27,217600.446
2276,600893.SH,20110426,32.44,32.69,30.7,30.78,32.51,-1.73,-5.32,54962.92,171566.366
2277,600893.SH,20110425,33.8,33.97,32.48,32.51,33.79,-1.28,-3.79,32598.71,107468.007
2278,600893.SH,20110422,33.71,34.43,33.51,33.79,33.31,0.48,1.44,37960.16,129234.951
2279,600893.SH,20110420,32.6,33.48,32.57,33.31,32.6,0.71,2.18,25770.37,84959.931
2280,600893.SH,20110419,32.9,33.15,32.4,32.6,33.35,-0.75,-2.25,34950.58,114288.083
2281,600893.SH,20110418,33.32,33.88,32.73,33.35,33.17,0.18,0.54,35710.08,118884.394
2282,600893.SH,20110415,34.22,34.44,32.88,33.17,34.32,-1.15,-3.35,42020.68,140302.592
2283,600893.SH,20110414,34.42,34.89,34.21,34.32,34.42,-0.1,-0.29,27694.88,95490.592
2284,600893.SH,20110413,34.06,34.5,33.75,34.42,34.15,0.27,0.79,23684.48,80804.576
2285,600893.SH,20110412,34.0,34.85,33.71,34.15,34.0,0.15,0.44,43940.07,151001.402
2286,600893.SH,20110411,34.31,34.4,33.82,34.0,34.3,-0.3,-0.87,33048.79,112575.828
2287,600893.SH,20110408,34.51,34.95,34.2,34.3,34.44,-0.14,-0.41,66178.64,228781.424
2288,600893.SH,20110407,33.19,34.78,32.86,34.44,33.1,1.34,4.05,68684.48,233616.745
2289,600893.SH,20110406,33.28,33.64,32.81,33.1,33.59,-0.49,-1.46,29750.75,98666.259
2290,600893.SH,20110401,33.0,33.68,32.82,33.59,32.82,0.77,2.35,29111.44,96889.895
2291,600893.SH,20110331,33.13,33.17,32.52,32.82,32.83,-0.01,-0.03,20637.33,67777.568
2292,600893.SH,20110330,32.52,33.45,32.51,32.83,32.51,0.32,0.98,28012.98,92465.014
2293,600893.SH,20110329,33.19,33.21,32.5,32.51,33.21,-0.7,-2.11,35372.46,116056.159
2294,600893.SH,20110328,34.45,34.59,33.2,33.21,34.33,-1.12,-3.26,85224.04,286419.03
2295,600893.SH,20110325,34.23,35.0,34.0,34.33,34.38,-0.05,-0.15,48969.06,169485.452
2296,600893.SH,20110324,35.05,35.18,34.3,34.38,35.05,-0.67,-1.91,39417.02,136866.252
2297,600893.SH,20110323,34.29,35.25,33.85,35.05,34.28,0.77,2.25,48070.76,167701.883
2298,600893.SH,20110322,34.64,34.8,33.67,34.28,34.66,-0.38,-1.1,45311.63,154201.112
2299,600893.SH,20110321,34.95,35.3,34.2,34.66,34.53,0.13,0.38,45973.17,159804.86
2300,600893.SH,20110318,34.23,35.19,34.23,34.53,34.31,0.22,0.64,56107.75,194601.033
2301,600893.SH,20110317,35.78,35.99,33.7,34.31,36.11,-1.8,-4.98,94199.38,328806.025
2302,600893.SH,20110316,36.59,36.95,35.56,36.11,36.46,-0.35,-0.96,85115.99,305848.132
2303,600893.SH,20110315,36.78,36.78,35.5,36.46,37.0,-0.54,-1.46,131162.16,474170.092
2304,600893.SH,20110314,35.9,37.35,35.78,37.0,36.03,0.97,2.69,149243.76,549094.954
2305,600893.SH,20110311,35.89,36.47,35.11,36.03,35.93,0.1,0.28,119696.21,430117.016
2306,600893.SH,20110310,34.44,36.6,34.44,35.93,34.35,1.58,4.6,189446.33,678293.946
2307,600893.SH,20110309,33.75,34.38,33.5,34.35,33.75,0.6,1.78,70643.89,240009.849
2308,600893.SH,20110308,33.75,33.84,33.05,33.75,33.97,-0.22,-0.65,73235.01,244511.834
2309,600893.SH,20110307,33.7,34.9,33.7,33.97,33.67,0.3,0.89,87373.17,300105.061
2310,600893.SH,20110304,32.41,34.18,32.14,33.67,32.23,1.44,4.47,77228.6,259146.074
2311,600893.SH,20110303,33.29,33.84,31.9,32.23,33.26,-1.03,-3.1,53783.37,176681.114
2312,600893.SH,20110302,32.34,33.3,32.0,33.26,32.4,0.86,2.65,58181.57,191202.814
2313,600893.SH,20110301,32.7,32.7,32.0,32.4,32.48,-0.08,-0.25,40072.63,129701.571
2314,600893.SH,20110228,31.58,32.49,31.12,32.48,31.58,0.9,2.85,51280.42,163918.871
2315,600893.SH,20110225,31.25,32.18,31.0,31.58,31.74,-0.16,-0.5,30456.54,96368.024
2316,600893.SH,20110224,30.9,32.9,30.82,31.74,31.23,0.51,1.63,45779.47,146237.897
2317,600893.SH,20110223,30.68,31.47,30.6,31.23,31.04,0.19,0.61,42281.36,130930.683
2318,600893.SH,20110222,33.28,33.5,31.0,31.04,33.0,-1.96,-5.94,81866.82,260286.88
2319,600893.SH,20110221,32.71,33.55,32.7,33.0,33.01,-0.01,-0.03,64421.43,212540.632
2320,600893.SH,20110218,33.1,34.12,32.95,33.01,33.65,-0.64,-1.9,66466.14,222019.387
2321,600893.SH,20110217,30.93,34.02,30.8,33.65,30.93,2.72,8.79,127481.28,419807.439
2322,600893.SH,20110216,30.3,31.36,30.3,30.93,30.6,0.33,1.08,38895.7,120273.075
2323,600893.SH,20110215,31.14,31.7,30.51,30.6,31.24,-0.64,-2.05,69729.21,217141.99
2324,600893.SH,20110214,30.68,31.63,30.0,31.24,30.68,0.56,1.83,69245.27,213032.083
2325,600893.SH,20110211,30.86,30.95,30.5,30.68,30.83,-0.15,-0.49,37739.23,115888.082
2326,600893.SH,20110210,29.99,30.88,29.35,30.83,30.03,0.8,2.66,63409.02,193248.566
2327,600893.SH,20110209,29.36,30.8,29.01,30.03,29.95,0.08,0.27,51386.0,154495.445
2328,600893.SH,20110201,29.91,30.39,29.4,29.95,30.39,-0.44,-1.45,56006.69,166850.24
2329,600893.SH,20110131,28.2,30.83,27.55,30.39,28.03,2.36,8.42,127387.58,368664.535
2330,600893.SH,20110128,26.0,28.03,25.85,28.03,25.48,2.55,10.01,112621.99,309411.002
2331,600893.SH,20110126,25.5,26.06,25.23,25.48,25.23,0.25,0.99,51570.38,132038.221
2332,600893.SH,20110125,25.81,26.15,25.1,25.23,26.11,-0.88,-3.37,43418.35,110148.142
2333,600893.SH,20110124,26.66,26.97,25.64,26.11,26.82,-0.71,-2.65,42461.56,111318.345
2334,600893.SH,20110121,26.02,27.15,25.85,26.82,26.43,0.39,1.48,38086.57,100867.181
2335,600893.SH,20110120,27.69,27.96,26.4,26.43,27.79,-1.36,-4.89,27726.64,75469.604
2336,600893.SH,20110119,27.2,27.8,26.66,27.79,27.14,0.65,2.4,38074.84,104094.349
2337,600893.SH,20110118,26.83,27.38,26.3,27.14,26.91,0.23,0.85,21859.88,59043.772
2338,600893.SH,20110117,27.64,27.65,25.92,26.91,27.66,-0.75,-2.71,84459.39,224461.258
2339,600893.SH,20110114,29.08,29.08,27.56,27.66,29.0,-1.34,-4.62,40768.66,114820.699
2340,600893.SH,20110113,29.29,29.58,28.98,29.0,29.03,-0.03,-0.1,35278.06,102719.632
2341,600893.SH,20110112,29.91,30.49,28.98,29.03,29.58,-0.55,-1.86,37656.39,110559.101
2342,600893.SH,20110111,30.01,30.22,29.4,29.58,30.23,-0.65,-2.15,29448.26,87449.736
2343,600893.SH,20110110,31.49,31.65,29.5,30.23,31.49,-1.26,-4.0,41363.95,126229.703
2344,600893.SH,20110107,32.21,32.34,31.45,31.49,32.42,-0.93,-2.87,35685.11,113382.485
2345,600893.SH,20110106,32.67,33.3,32.22,32.42,32.33,0.09,0.28,37931.77,124101.353
2346,600893.SH,20110105,31.65,32.88,31.28,32.33,31.64,0.69,2.18,74156.47,238258.878
2347,600893.SH,20110104,31.25,31.82,31.0,31.64,31.28,0.36,1.15,27857.98,87686.896
2348,600893.SH,20101231,31.4,31.45,30.47,31.28,31.13,0.15,0.48,32622.81,101052.407
2349,600893.SH,20101230,30.8,31.26,30.5,31.13,30.68,0.45,1.47,33855.07,104770.439
2350,600893.SH,20101229,30.3,30.8,29.96,30.68,30.05,0.63,2.1,30623.49,93022.104
2351,600893.SH,20101228,31.5,31.83,29.88,30.05,31.62,-1.57,-4.97,44354.72,135315.344
2352,600893.SH,20101227,33.84,34.83,31.1,31.62,33.7,-2.08,-6.17,45114.47,147599.26
2353,600893.SH,20101224,35.05,35.19,33.61,33.7,35.48,-1.78,-5.02,54558.75,186760.872
2354,600893.SH,20101223,34.88,35.99,34.85,35.48,35.11,0.37,1.05,52007.32,185128.876
2355,600893.SH,20101222,34.75,35.4,34.25,35.11,34.5,0.61,1.77,38373.63,134048.22
2356,600893.SH,20101221,34.81,34.98,33.85,34.5,35.09,-0.59,-1.68,32957.04,112930.697
2357,600893.SH,20101220,34.37,35.88,33.72,35.09,34.14,0.95,2.78,75844.72,266508.348
2358,600893.SH,20101217,33.62,34.4,33.51,34.14,33.7,0.44,1.31,19503.77,66348.392
2359,600893.SH,20101216,33.65,34.17,33.5,33.7,33.9,-0.2,-0.59,18079.14,61100.033
2360,600893.SH,20101215,34.7,34.78,33.78,33.9,34.7,-0.8,-2.31,44785.24,153026.324
2361,600893.SH,20101214,34.6,34.88,34.18,34.7,34.59,0.11,0.32,44528.26,154186.229
2362,600893.SH,20101213,33.82,34.61,33.47,34.59,32.86,1.73,5.26,76966.1,261906.577
2363,600893.SH,20101210,32.0,33.16,32.0,32.86,32.37,0.49,1.51,38515.07,126347.343
2364,600893.SH,20101209,32.5,32.76,32.23,32.37,32.63,-0.26,-0.8,16553.46,53826.654
2365,600893.SH,20101208,32.6,33.1,32.45,32.63,32.83,-0.2,-0.61,18620.88,60891.472
2366,600893.SH,20101207,32.3,33.0,31.64,32.83,32.04,0.79,2.47,19650.79,63669.418
2367,600893.SH,20101206,31.8,32.23,31.58,32.04,31.82,0.22,0.69,13506.62,43109.932
2368,600893.SH,20101203,32.72,32.94,31.7,31.82,32.72,-0.9,-2.75,25257.43,80866.75
2369,600893.SH,20101202,33.08,33.3,32.48,32.72,32.72,0.0,0.0,25894.53,84925.57
2370,600893.SH,20101201,32.8,33.28,32.1,32.72,32.77,-0.05,-0.15,18956.18,61943.5
2371,600893.SH,20101130,33.51,33.98,31.9,32.77,33.92,-1.15,-3.39,32773.65,107536.715
2372,600893.SH,20101129,34.25,34.69,33.75,33.92,34.69,-0.77,-2.22,24525.36,83487.749
2373,600893.SH,20101126,35.86,35.86,34.6,34.69,35.88,-1.19,-3.32,33832.87,118728.94
2374,600893.SH,20101125,34.95,36.2,34.5,35.88,35.13,0.75,2.13,48754.65,172789.189
2375,600893.SH,20101124,33.99,35.4,33.35,35.13,33.57,1.56,4.65,47700.25,164168.446
2376,600893.SH,20101123,35.05,35.05,32.93,33.57,35.11,-1.54,-4.39,40265.62,135035.273
2377,600893.SH,20101122,35.64,35.64,34.7,35.11,34.84,0.27,0.78,46067.7,161482.159
2378,600893.SH,20101119,34.01,34.85,33.7,34.84,33.99,0.85,2.5,38758.52,132897.501
2379,600893.SH,20101118,34.4,34.76,32.82,33.99,33.81,0.18,0.53,40189.53,135513.006
2380,600893.SH,20101117,33.85,35.05,33.59,33.81,33.58,0.23,0.68,58499.78,202401.581
2381,600893.SH,20101116,34.3,34.6,32.7,33.58,33.97,-0.39,-1.15,54159.02,184255.433
2382,600893.SH,20101115,33.38,34.45,33.38,33.97,33.4,0.57,1.71,51570.71,174869.993
2383,600893.SH,20101112,37.13,37.13,33.4,33.4,37.11,-3.71,-10.0,81657.39,285047.48
2384,600893.SH,20101111,37.0,38.0,36.42,37.11,37.56,-0.45,-1.2,77036.63,286559.128
2385,600893.SH,20101110,38.0,38.15,37.35,37.56,37.98,-0.42,-1.11,39108.88,147000.522
2386,600893.SH,20101109,38.5,38.5,37.41,37.98,38.7,-0.72,-1.86,60161.61,228160.026
2387,600893.SH,20101108,39.38,39.97,37.7,38.7,39.3,-0.6,-1.53,65898.5,253421.19
2388,600893.SH,20101105,39.1,41.0,38.2,39.3,38.77,0.53,1.37,111848.36,445605.467
2389,600893.SH,20101104,37.63,38.9,37.01,38.77,36.87,1.9,5.15,72818.23,279153.454
2390,600893.SH,20101103,38.01,38.98,36.79,36.87,38.07,-1.2,-3.15,54046.5,203960.513
2391,600893.SH,20101102,38.25,39.53,37.61,38.07,37.83,0.24,0.63,81416.14,315387.943
2392,600893.SH,20101101,36.15,38.1,36.15,37.83,36.16,1.67,4.62,74373.7,278012.456
2393,600893.SH,20101029,35.1,36.6,34.4,36.16,35.02,1.14,3.26,68611.53,245882.837
2394,600893.SH,20101028,37.19,37.57,34.7,35.02,37.21,-2.19,-5.89,89052.86,319949.517
2395,600893.SH,20101027,36.32,38.13,35.81,37.21,36.52,0.69,1.89,77790.98,290050.489
2396,600893.SH,20101026,36.75,37.48,36.28,36.52,37.22,-0.7,-1.88,47539.06,174642.033
2397,600893.SH,20101025,36.26,37.35,35.37,37.22,36.24,0.98,2.7,70266.09,257281.068
2398,600893.SH,20101022,36.6,37.18,35.91,36.24,36.52,-0.28,-0.77,65171.83,238004.638
2399,600893.SH,20101021,34.0,36.83,34.0,36.52,34.22,2.3,6.72,62864.84,222608.864
2400,600893.SH,20101020,32.95,35.85,32.54,34.22,33.82,0.4,1.18,58996.05,204661.345
2401,600893.SH,20101019,33.01,34.07,32.99,33.82,32.88,0.94,2.86,41396.83,138945.911
2402,600893.SH,20101018,34.52,34.52,32.0,32.88,34.57,-1.69,-4.89,63982.33,210614.326
2403,600893.SH,20101015,33.95,34.86,32.67,34.57,33.95,0.62,1.83,69767.88,236165.762
2404,600893.SH,20101014,35.66,36.95,33.78,33.95,35.26,-1.31,-3.72,70093.93,246959.418
2405,600893.SH,20101013,34.88,35.67,34.6,35.26,34.9,0.36,1.03,40195.78,140611.216
2406,600893.SH,20101012,36.35,36.35,34.38,34.9,36.03,-1.13,-3.14,87858.3,307659.31
2407,600893.SH,20101011,36.61,38.0,35.5,36.03,36.92,-0.89,-2.41,69972.23,255641.65
2408,600893.SH,20101008,36.54,37.45,34.9,36.92,35.67,1.25,3.5,69794.95,252029.073
2409,600893.SH,20100930,34.1,36.87,33.9,35.67,34.2,1.47,4.3,70915.0,252238.896
2410,600893.SH,20100929,34.39,36.0,33.91,34.2,34.7,-0.5,-1.44,78070.91,272802.46
2411,600893.SH,20100928,31.86,35.08,31.64,34.7,31.89,2.81,8.81,142256.75,483993.688
2412,600893.SH,20100927,30.8,32.06,30.53,31.89,30.67,1.22,3.98,57542.14,181887.783
2413,600893.SH,20100921,30.4,30.94,30.12,30.67,30.32,0.35,1.15,40406.94,123566.821
2414,600893.SH,20100920,31.01,32.38,30.21,30.32,31.26,-0.94,-3.01,76740.73,242131.413
2415,600893.SH,20100917,31.88,32.3,30.77,31.26,31.73,-0.47,-1.48,56754.37,177697.835
2416,600893.SH,20100916,30.74,33.12,30.65,31.73,30.76,0.97,3.15,107194.74,343591.309
2417,600893.SH,20100915,30.63,31.35,30.25,30.76,30.59,0.17,0.56,74925.91,231431.793
2418,600893.SH,20100914,30.15,31.2,29.7,30.59,30.17,0.42,1.39,94773.01,289994.178
2419,600893.SH,20100913,30.2,30.5,29.63,30.17,29.78,0.39,1.31,79406.95,238986.04
2420,600893.SH,20100910,28.55,30.0,28.55,29.78,28.7,1.08,3.76,86788.57,255836.228
2421,600893.SH,20100909,29.0,29.29,28.52,28.7,28.89,-0.19,-0.66,46232.28,133273.856
2422,600893.SH,20100908,28.71,29.35,28.56,28.89,28.79,0.1,0.35,48433.53,139725.176
2423,600893.SH,20100907,28.95,28.95,28.25,28.79,29.06,-0.27,-0.93,59625.86,170744.595
2424,600893.SH,20100906,30.4,30.88,29.0,29.06,30.01,-0.95,-3.17,72970.29,216749.038
2425,600893.SH,20100903,29.62,30.27,29.42,30.01,29.59,0.42,1.42,82511.74,246283.29
2426,600893.SH,20100902,29.55,30.31,29.19,29.59,29.34,0.25,0.85,75546.98,224346.169
2427,600893.SH,20100901,30.06,30.35,29.0,29.34,30.49,-1.15,-3.77,72098.03,214966.762
2428,600893.SH,20100831,28.84,31.08,28.28,30.49,29.12,1.37,4.7,128053.9,378830.49
2429,600893.SH,20100830,28.7,29.65,28.41,29.12,28.6,0.52,1.82,73205.52,212894.817
2430,600893.SH,20100827,29.54,29.8,28.42,28.6,29.87,-1.27,-4.25,117572.27,338723.217
2431,600893.SH,20100826,30.33,31.27,29.8,29.87,30.88,-1.01,-3.27,66274.64,200941.407
2432,600893.SH,20100825,30.5,31.45,29.0,30.88,31.23,-0.35,-1.12,173897.8,522742.676
2433,600893.SH,20100824,31.23,31.23,31.11,31.23,28.39,2.84,10.0,289503.14,904083.482
2434,600893.SH,20100823,28.39,28.39,28.39,28.39,25.81,2.58,10.0,592.49,1682.079
2435,600893.SH,20100721,24.3,26.08,24.22,25.81,24.19,1.62,6.7,37075.99,93514.862
2436,600893.SH,20100720,23.55,24.38,23.55,24.19,23.55,0.64,2.72,26225.91,63207.445
2437,600893.SH,20100719,22.99,23.56,22.6,23.55,23.01,0.54,2.35,19332.49,44928.363
2438,600893.SH,20100716,23.48,23.48,22.69,23.01,23.62,-0.61,-2.58,22459.2,51571.591
2439,600893.SH,20100715,23.89,24.25,23.61,23.62,23.89,-0.27,-1.13,16133.96,38717.119
2440,600893.SH,20100714,24.3,24.49,23.78,23.89,24.19,-0.3,-1.24,12841.95,30939.091
2441,600893.SH,20100713,23.8,24.4,23.5,24.19,24.02,0.17,0.71,13942.39,33324.094
2442,600893.SH,20100712,24.1,24.13,23.57,24.02,23.68,0.34,1.44,15508.53,37045.842
2443,600893.SH,20100709,23.65,24.2,22.93,23.68,23.04,0.64,2.78,23475.73,55633.604
2444,600893.SH,20100708,23.5,23.82,22.85,23.04,23.34,-0.3,-1.29,10460.55,24244.072
2445,600893.SH,20100707,23.19,23.77,23.02,23.34,23.19,0.15,0.65,8713.91,20391.85
2446,600893.SH,20100706,22.28,23.27,22.28,23.19,22.24,0.95,4.27,16252.8,37272.448
2447,600893.SH,20100705,22.13,22.27,21.35,22.24,22.21,0.03,0.14,18945.31,41436.634
2448,600893.SH,20100702,23.0,23.5,21.7,22.21,23.06,-0.85,-3.69,24751.65,55761.861
2449,600893.SH,20100701,24.24,24.5,23.03,23.06,24.24,-1.18,-4.87,16420.48,38588.585
2450,600893.SH,20100630,25.0,25.25,23.89,24.24,25.08,-0.84,-3.35,10742.84,26116.295
2451,600893.SH,20100629,26.67,26.99,24.9,25.08,26.4,-1.32,-5.0,17017.33,43813.562
2452,600893.SH,20100628,26.4,27.12,26.3,26.4,26.4,0.0,0.0,10847.82,28829.155
2453,600893.SH,20100625,27.05,27.15,26.35,26.4,27.05,-0.65,-2.4,6426.86,17152.123
2454,600893.SH,20100624,27.04,27.2,26.7,27.05,27.04,0.01,0.04,4053.74,10954.24
2455,600893.SH,20100623,27.3,27.66,26.8,27.04,27.44,-0.4,-1.46,5358.27,14566.179
2456,600893.SH,20100622,27.14,27.59,27.01,27.44,27.4,0.04,0.15,9469.77,26055.863
2457,600893.SH,20100621,26.65,27.5,26.65,27.4,26.95,0.45,1.67,9195.39,25035.974
2458,600893.SH,20100618,27.3,27.3,26.6,27.03,27.35,-0.32,-1.17,16353.26,44099.407
2459,600893.SH,20100617,27.71,27.98,27.2,27.35,27.71,-0.36,-1.3,7053.4,19377.858
2460,600893.SH,20100611,28.46,28.57,27.68,27.71,28.23,-0.52,-1.84,15139.54,42462.698
2461,600893.SH,20100610,28.35,28.64,28.0,28.23,28.35,-0.12,-0.42,17913.97,50815.91
2462,600893.SH,20100609,28.15,28.5,27.56,28.35,28.21,0.14,0.5,22972.9,64082.321
2463,600893.SH,20100608,28.29,28.86,27.75,28.21,28.36,-0.15,-0.53,23407.59,66146.955
2464,600893.SH,20100607,26.7,28.55,26.06,28.36,26.87,1.49,5.55,46736.84,130973.951
2465,600893.SH,20100604,26.31,27.2,26.31,26.87,26.61,0.26,0.98,21157.32,56948.31
2466,600893.SH,20100603,26.54,27.12,25.77,26.61,26.15,0.46,1.76,25495.38,67712.046
2467,600893.SH,20100602,25.21,26.2,25.21,26.15,25.53,0.62,2.43,25347.19,65632.563
2468,600893.SH,20100601,24.9,26.05,24.79,25.53,25.72,-0.19,-0.74,26831.74,68492.55
2469,600893.SH,20100531,26.8,26.8,25.7,25.72,26.9,-1.18,-4.39,16264.04,42640.357
2470,600893.SH,20100528,27.15,27.41,26.72,26.9,27.15,-0.25,-0.92,19262.49,51889.273
2471,600893.SH,20100527,27.12,27.33,26.33,27.15,26.97,0.18,0.67,22678.99,60740.652
2472,600893.SH,20100526,25.7,27.47,25.7,26.97,25.67,1.3,5.06,40379.34,108526.962
2473,600893.SH,20100525,26.0,26.47,25.5,25.67,26.26,-0.59,-2.25,13481.7,34884.726
2474,600893.SH,20100524,24.82,26.5,24.8,26.26,24.84,1.42,5.72,33599.88,87061.758
2475,600893.SH,20100521,23.44,24.9,22.81,24.84,24.0,0.84,3.5,18732.99,45530.648
2476,600893.SH,20100520,24.0,24.98,23.5,24.0,24.25,-0.25,-1.03,21302.67,52058.16
2477,600893.SH,20100519,24.1,24.6,23.52,24.25,24.15,0.1,0.41,15453.1,37254.601
2478,600893.SH,20100518,24.5,24.99,23.09,24.15,24.73,-0.58,-2.35,26359.95,62886.554
2479,600893.SH,20100517,26.0,26.1,24.6,24.73,26.3,-1.57,-5.97,17188.67,43496.46
2480,600893.SH,20100514,26.0,26.63,25.7,26.3,26.15,0.15,0.57,14321.17,37565.41
2481,600893.SH,20100513,25.33,26.58,24.4,26.15,25.4,0.75,2.95,32532.55,82167.937
2482,600893.SH,20100512,26.23,27.2,25.38,25.4,26.93,-1.53,-5.68,20137.13,52654.109
2483,600893.SH,20100511,28.7,28.7,26.7,26.93,28.02,-1.09,-3.89,11802.66,32328.62
2484,600893.SH,20100510,28.5,29.08,26.1,28.02,29.0,-0.98,-3.38,17429.44,48853.009
2485,600893.SH,20100507,27.97,29.25,27.6,29.0,28.48,0.52,1.83,46876.47,135256.203
2486,600893.SH,20100506,28.5,28.69,27.0,28.48,28.51,-0.03,-0.11,26512.46,75233.406
2487,600893.SH,20100505,27.0,28.8,26.64,28.51,27.51,1.0,3.64,18272.15,51179.162
2488,600893.SH,20100504,26.93,27.8,26.58,27.51,27.45,0.06,0.22,20350.93,55380.742
2489,600893.SH,20100430,27.89,28.05,25.9,27.45,28.25,-0.8,-2.83,55413.96,147867.097
2490,600893.SH,20100429,29.85,29.86,27.76,28.25,29.53,-1.28,-4.33,27196.02,77908.946
2491,600893.SH,20100428,29.9,29.9,28.58,29.53,30.26,-0.73,-2.41,25659.67,75047.994
2492,600893.SH,20100427,31.37,31.37,29.7,30.26,31.36,-1.1,-3.51,29343.04,88162.255
2493,600893.SH,20100423,31.6,31.78,30.94,31.36,31.68,-0.32,-1.01,16107.4,50386.094
2494,600893.SH,20100422,31.46,31.8,30.91,31.68,31.69,-0.01,-0.03,20169.69,63252.577
2495,600893.SH,20100421,30.53,32.1,30.18,31.69,30.53,1.16,3.8,44445.66,139829.425
2496,600893.SH,20100420,29.36,30.66,28.8,30.53,29.61,0.92,3.11,39717.78,118404.506
2497,600893.SH,20100419,30.0,30.1,28.28,29.61,30.38,-0.77,-2.53,18169.09,53565.685
2498,600893.SH,20100416,30.2,30.75,29.5,30.38,30.42,-0.04,-0.13,17897.07,53700.635
2499,600893.SH,20100415,31.18,31.29,29.78,30.42,31.07,-0.65,-2.09,22752.13,69577.551
2500,600893.SH,20100414,29.62,31.22,29.4,31.07,29.72,1.35,4.54,23990.78,73167.165
2501,600893.SH,20100413,30.7,30.9,29.0,29.72,30.85,-1.13,-3.66,26854.1,80388.323
2502,600893.SH,20100412,31.0,31.5,30.3,30.85,31.38,-0.53,-1.69,33369.9,102837.206
2503,600893.SH,20100409,31.31,31.7,30.86,31.38,31.31,0.07,0.22,22354.62,69796.162
2504,600893.SH,20100408,31.23,31.4,30.71,31.31,31.27,0.04,0.13,24950.97,77775.985
2505,600893.SH,20100407,30.99,31.39,30.49,31.27,30.99,0.28,0.9,40096.96,123382.107
2506,600893.SH,20100406,31.15,31.5,30.55,30.99,31.11,-0.12,-0.39,37309.67,115674.648
2507,600893.SH,20100402,31.32,31.32,30.5,31.11,31.32,-0.21,-0.67,76905.35,236827.103
2508,600893.SH,20100401,30.0,33.02,30.0,31.32,30.02,1.3,4.33,94977.38,302192.418
2509,600893.SH,20100331,29.5,30.23,29.3,30.02,29.44,0.58,1.97,46280.99,137841.423
2510,600893.SH,20100330,29.5,29.88,28.9,29.44,29.44,0.0,0.0,25293.78,73948.19
2511,600893.SH,20100329,29.46,29.78,29.21,29.44,29.32,0.12,0.41,26511.31,78205.943
2512,600893.SH,20100326,29.22,29.55,28.72,29.32,29.22,0.1,0.34,31467.43,92089.365
2513,600893.SH,20100325,28.22,29.24,28.09,29.22,29.03,0.19,0.65,39871.29,113969.295
2514,600893.SH,20100324,29.21,29.69,28.83,29.03,29.51,-0.48,-1.63,37054.34,108292.583
2515,600893.SH,20100323,29.62,29.92,29.25,29.51,29.62,-0.11,-0.37,22736.9,67140.215
2516,600893.SH,20100322,29.6,30.22,29.27,29.62,29.65,-0.03,-0.1,51309.86,152566.526
2517,600893.SH,20100319,28.5,30.19,28.5,29.65,28.5,1.15,4.04,66166.69,195425.935
2518,600893.SH,20100318,28.79,28.79,28.26,28.5,28.55,-0.05,-0.18,29521.39,84155.3
2519,600893.SH,20100317,28.01,28.59,27.63,28.55,27.65,0.9,3.26,38746.09,109533.316
2520,600893.SH,20100316,26.88,27.89,26.75,27.65,26.86,0.79,2.94,28399.35,77553.596
2521,600893.SH,20100315,27.49,27.69,26.74,26.86,27.53,-0.67,-2.43,12990.42,35050.879
2522,600893.SH,20100312,27.88,28.19,27.5,27.53,27.88,-0.35,-1.26,14704.68,40782.318
2523,600893.SH,20100311,28.28,28.48,27.7,27.88,28.29,-0.41,-1.45,12811.55,35795.327
2524,600893.SH,20100310,28.2,28.6,27.9,28.29,28.19,0.1,0.35,13934.4,39284.109
2525,600893.SH,20100309,28.32,28.39,28.0,28.19,28.3,-0.11,-0.39,15366.05,43309.834
2526,600893.SH,20100308,28.4,28.98,28.25,28.3,28.3,0.0,0.0,16680.22,47577.76
2527,600893.SH,20100305,28.39,29.03,28.0,28.3,28.47,-0.17,-0.6,19591.79,55888.548
2528,600893.SH,20100304,29.8,29.98,28.18,28.47,29.77,-1.3,-4.37,27031.29,78157.696
2529,600893.SH,20100303,29.83,30.0,29.2,29.77,29.83,-0.06,-0.2,21104.36,62686.971
2530,600893.SH,20100302,29.22,30.2,28.79,29.83,29.24,0.59,2.02,38457.39,113233.012
2531,600893.SH,20100301,29.5,29.98,29.12,29.24,29.89,-0.65,-2.17,27310.38,80225.194
2532,600893.SH,20100226,30.0,30.3,29.63,29.89,30.0,-0.11,-0.37,27977.24,84052.25
2533,600893.SH,20100225,29.65,30.48,29.5,30.0,29.78,0.22,0.74,47541.34,143081.71
2534,600893.SH,20100224,29.2,29.8,28.77,29.78,29.2,0.58,1.99,26539.06,77844.164
2535,600893.SH,20100223,28.93,29.24,28.28,29.2,28.92,0.28,0.97,24362.42,70227.921
2536,600893.SH,20100222,27.29,29.35,27.13,28.92,27.23,1.69,6.21,41099.26,117671.886
2537,600893.SH,20100212,26.9,27.31,26.9,27.23,27.03,0.2,0.74,8457.16,22972.848
2538,600893.SH,20100211,27.1,27.38,26.88,27.03,27.1,-0.07,-0.26,7237.57,19566.772
2539,600893.SH,20100210,26.8,27.28,26.38,27.1,26.59,0.51,1.92,7574.27,20340.73
2540,600893.SH,20100209,26.62,26.83,26.0,26.59,26.71,-0.12,-0.45,7035.25,18664.303
2541,600893.SH,20100208,27.02,27.55,26.5,26.71,27.29,-0.58,-2.13,9465.05,25552.045
2542,600893.SH,20100205,27.43,28.05,26.97,27.29,27.87,-0.58,-2.08,17344.83,47780.789
2543,600893.SH,20100204,27.2,28.06,26.95,27.87,27.24,0.63,2.31,18508.78,51293.869
2544,600893.SH,20100203,26.67,27.3,26.16,27.24,26.65,0.59,2.21,23414.63,63111.273
2545,600893.SH,20100202,26.8,27.2,26.61,26.65,26.63,0.02,0.08,12411.0,33422.381
2546,600893.SH,20100201,26.76,27.17,26.33,26.63,27.03,-0.4,-1.48,14915.74,39907.357
2547,600893.SH,20100129,26.5,27.1,26.29,27.03,26.62,0.41,1.54,14864.33,39861.103
2548,600893.SH,20100128,25.78,26.68,25.68,26.62,25.72,0.9,3.5,20864.08,54719.757
2549,600893.SH,20100127,25.85,26.65,25.6,25.72,25.92,-0.2,-0.77,26914.89,70702.973
2550,600893.SH,20100126,27.17,27.33,25.8,25.92,27.17,-1.25,-4.6,25163.34,65982.191
2551,600893.SH,20100125,26.39,27.59,26.35,27.17,26.68,0.49,1.84,24578.06,66769.539
2552,600893.SH,20100122,27.3,27.33,26.33,26.68,27.58,-0.9,-3.26,35513.25,95333.999
2553,600893.SH,20100121,27.7,28.18,27.3,27.58,28.01,-0.43,-1.54,28599.49,79395.617
2554,600893.SH,20100120,29.0,29.45,27.79,28.01,29.68,-1.67,-5.63,58552.0,167422.932
2555,600893.SH,20100118,29.63,30.1,29.03,29.68,29.75,-0.07,-0.24,27735.39,81702.344
2556,600893.SH,20100115,30.0,30.35,29.3,29.75,30.0,-0.25,-0.83,28068.5,83232.189
2557,600893.SH,20100114,29.2,30.4,29.2,30.0,29.55,0.45,1.52,58562.95,175574.446
2558,600893.SH,20100113,28.89,29.97,28.71,29.55,29.47,0.08,0.27,64345.66,189183.468
2559,600893.SH,20100112,28.85,29.98,28.49,29.47,28.86,0.61,2.11,55262.93,163172.676
2560,600893.SH,20100111,28.52,29.0,27.65,28.86,28.17,0.69,2.45,63230.8,180348.297
2561,600893.SH,20100108,27.72,28.41,27.29,28.17,28.08,0.09,0.32,36897.84,103089.954
2562,600893.SH,20100107,28.06,28.8,27.8,28.08,27.81,0.27,0.97,50343.96,142129.477
2563,600893.SH,20100106,27.2,29.2,27.1,27.81,27.16,0.65,2.39,60342.67,169893.012
2564,600893.SH,20100105,26.35,27.39,26.3,27.16,26.35,0.81,3.07,55669.21,149870.353
2565,600893.SH,20100104,26.2,26.76,25.89,26.35,25.99,0.36,1.39,35884.68,94934.804
2566,600893.SH,20091231,25.96,26.23,25.5,25.99,25.72,0.27,1.05,26644.9,68927.01
2567,600893.SH,20091230,26.0,26.24,25.25,25.72,26.07,-0.35,-1.34,41012.23,105096.927
2568,600893.SH,20091229,26.67,26.76,25.75,26.07,26.63,-0.56,-2.1,25428.45,66455.799
2569,600893.SH,20091228,26.63,26.79,26.4,26.63,26.4,0.23,0.87,25310.45,67240.965
2570,600893.SH,20091225,26.5,26.7,26.25,26.4,26.4,0.0,0.0,23434.79,62020.321
2571,600893.SH,20091224,25.59,26.52,25.34,26.4,25.59,0.81,3.17,33201.28,86535.326
2572,600893.SH,20091223,25.13,25.63,24.81,25.59,25.18,0.41,1.63,20890.0,52616.167
2573,600893.SH,20091222,25.6,25.79,24.8,25.18,25.58,-0.4,-1.56,27127.94,68444.538
2574,600893.SH,20091221,25.0,25.88,25.0,25.58,25.26,0.32,1.27,29488.19,75149.559
2575,600893.SH,20091218,27.2,27.5,25.2,25.26,27.01,-1.75,-6.48,40415.74,106485.95
2576,600893.SH,20091217,27.99,28.28,26.8,27.01,27.99,-0.98,-3.5,42981.84,117786.233
2577,600893.SH,20091216,27.66,28.49,27.43,27.99,27.42,0.57,2.08,70157.86,197421.07
2578,600893.SH,20091215,27.05,27.88,27.05,27.42,27.29,0.13,0.48,35244.97,96923.102
2579,600893.SH,20091214,27.52,27.79,26.61,27.29,27.43,-0.14,-0.51,28906.5,78186.839
2580,600893.SH,20091211,26.92,27.5,26.9,27.43,27.08,0.35,1.29,30475.64,82528.939
2581,600893.SH,20091210,27.49,28.1,26.82,27.08,26.96,0.12,0.45,53600.68,147857.089
2582,600893.SH,20091209,26.45,27.52,26.45,26.96,27.01,-0.05,-0.19,37144.82,100531.239
2583,600893.SH,20091208,27.3,27.3,26.22,27.01,27.3,-0.29,-1.06,34136.73,91350.201
2584,600893.SH,20091207,26.9,27.5,26.34,27.3,26.77,0.53,1.98,40508.13,109360.5
2585,600893.SH,20091204,27.88,28.08,26.2,26.77,27.79,-1.02,-3.67,64174.6,173098.061
2586,600893.SH,20091203,27.5,28.1,27.2,27.79,27.7,0.09,0.32,47003.35,130036.596
2587,600893.SH,20091202,27.09,28.1,26.64,27.7,27.13,0.57,2.1,81935.36,224413.053
2588,600893.SH,20091201,26.9,27.19,26.01,27.13,26.89,0.24,0.89,61997.13,166169.202
2589,600893.SH,20091130,25.85,26.93,25.28,26.89,25.89,1.0,3.86,75824.88,198826.537
2590,600893.SH,20091127,26.5,27.48,25.5,25.89,26.87,-0.98,-3.65,46759.14,122619.89
2591,600893.SH,20091126,27.02,27.99,26.58,26.87,27.29,-0.42,-1.54,76174.06,207142.28
2592,600893.SH,20091125,25.7,28.2,25.7,27.29,25.88,1.41,5.45,75447.47,205518.901
2593,600893.SH,20091124,25.71,26.71,25.33,25.88,25.95,-0.07,-0.27,87926.24,228550.357
2594,600893.SH,20091123,24.64,26.2,24.59,25.95,24.74,1.21,4.89,68507.47,176383.17
2595,600893.SH,20091120,23.98,25.65,23.81,24.74,24.16,0.58,2.4,56368.66,140597.003
2596,600893.SH,20091119,24.2,24.5,23.0,24.16,24.31,-0.15,-0.62,41525.22,99743.312
2597,600893.SH,20091118,24.81,24.84,24.15,24.31,24.86,-0.55,-2.21,34799.48,84816.474
2598,600893.SH,20091116,24.01,25.08,24.01,24.86,24.0,0.86,3.58,53109.35,130825.916
2599,600893.SH,20091113,24.22,24.47,23.58,24.0,24.23,-0.23,-0.95,34524.46,82821.266
2600,600893.SH,20091112,24.03,24.75,23.96,24.23,24.22,0.01,0.04,34841.02,84722.411
2601,600893.SH,20091111,24.3,24.97,24.18,24.22,24.19,0.03,0.12,63777.63,156753.107
2602,600893.SH,20091110,24.34,24.57,24.01,24.19,24.29,-0.1,-0.41,47458.51,115146.443
2603,600893.SH,20091109,22.7,24.9,22.7,24.29,22.65,1.64,7.24,101209.58,243939.288
2604,600893.SH,20091106,22.3,22.89,22.1,22.65,22.22,0.43,1.94,50052.96,112862.337
2605,600893.SH,20091105,22.17,22.73,22.0,22.22,22.17,0.05,0.23,45236.95,101398.421
2606,600893.SH,20091104,21.74,22.2,21.55,22.17,21.74,0.43,1.98,46789.84,102313.331
2607,600893.SH,20091103,21.0,21.85,21.0,21.74,21.1,0.64,3.03,42821.16,92423.561
2608,600893.SH,20091102,20.77,21.19,20.4,21.1,21.0,0.1,0.48,30312.58,63091.064
2609,600893.SH,20091030,20.79,21.2,20.68,21.0,20.68,0.32,1.55,17645.36,37047.69
2610,600893.SH,20091029,20.65,20.83,20.46,20.68,21.09,-0.41,-1.94,14569.55,30055.944
2611,600893.SH,20091028,20.71,21.12,20.56,21.09,20.95,0.14,0.67,21457.46,44732.612
2612,600893.SH,20091027,21.58,21.58,20.9,20.95,21.49,-0.54,-2.51,30397.49,64441.179
2613,600893.SH,20091026,21.3,21.54,21.09,21.49,21.26,0.23,1.08,43506.88,92903.253
2614,600893.SH,20091023,21.38,21.47,21.0,21.26,21.08,0.18,0.85,44903.43,95421.486
2615,600893.SH,20091022,21.19,21.5,21.0,21.08,21.25,-0.17,-0.8,21855.81,46495.553
2616,600893.SH,20091021,22.03,22.08,21.18,21.25,22.08,-0.83,-3.76,50305.08,107798.601
2617,600893.SH,20091020,21.9,22.66,21.83,22.08,21.76,0.32,1.47,37058.76,82598.471
2618,600893.SH,20091019,21.9,21.93,21.49,21.76,21.58,0.18,0.83,18977.06,41131.34
2619,600893.SH,20091016,21.67,21.87,21.4,21.58,21.54,0.04,0.19,17408.65,37613.17
2620,600893.SH,20091015,21.8,22.1,21.36,21.54,21.65,-0.11,-0.51,16343.69,35299.519
2621,600893.SH,20091014,21.8,22.38,21.44,21.65,21.79,-0.14,-0.64,30025.34,65645.023
2622,600893.SH,20091013,21.58,21.94,21.21,21.79,21.55,0.24,1.11,23806.64,51497.981
2623,600893.SH,20091012,20.3,21.6,20.14,21.55,20.28,1.27,6.26,38116.56,80506.303
2624,600893.SH,20091009,20.0,20.46,19.76,20.28,19.58,0.7,3.58,21556.73,43492.751
2625,600893.SH,20090930,20.0,20.15,19.56,19.58,19.87,-0.29,-1.46,21174.93,42066.543
2626,600893.SH,20090929,20.2,20.2,19.21,19.87,19.97,-0.1,-0.5,23184.97,45659.671
2627,600893.SH,20090928,20.86,21.29,19.61,19.97,20.83,-0.86,-4.13,18882.49,38591.562
2628,600893.SH,20090925,21.0,21.45,20.81,20.83,21.18,-0.35,-1.65,18560.43,39174.912
2629,600893.SH,20090924,21.0,21.5,20.47,21.18,21.22,-0.04,-0.19,25324.28,53397.177
2630,600893.SH,20090923,22.07,22.36,20.84,21.22,22.08,-0.86,-3.89,34844.93,74980.431
2631,600893.SH,20090922,22.8,23.29,22.0,22.08,22.83,-0.75,-3.29,38448.44,86907.569
2632,600893.SH,20090921,22.0,22.97,21.71,22.83,22.25,0.58,2.61,39584.15,89019.502
2633,600893.SH,20090918,23.11,23.2,22.1,22.25,23.02,-0.77,-3.34,69535.74,157165.384
2634,600893.SH,20090917,23.0,23.5,22.58,23.02,23.01,0.01,0.04,81784.96,188262.787
2635,600893.SH,20090916,21.39,23.38,21.39,23.01,21.58,1.43,6.63,122655.97,277077.251
2636,600893.SH,20090915,21.62,21.7,21.4,21.58,21.59,-0.01,-0.05,40129.18,86579.335
2637,600893.SH,20090914,20.85,21.85,20.77,21.59,20.83,0.76,3.65,57851.13,123457.089
2638,600893.SH,20090911,19.7,20.98,19.58,20.83,19.81,1.02,5.15,48544.78,99149.286
2639,600893.SH,20090910,19.8,20.06,19.5,19.81,20.05,-0.24,-1.2,22534.91,44566.997
2640,600893.SH,20090909,20.3,20.42,19.88,20.05,20.31,-0.26,-1.28,30066.25,60289.525
2641,600893.SH,20090908,19.49,20.76,19.4,20.31,19.76,0.55,2.78,40835.34,82649.761
2642,600893.SH,20090907,19.8,20.27,19.66,19.76,19.68,0.08,0.41,29950.15,59587.84
2643,600893.SH,20090904,19.49,20.26,19.25,19.68,19.3,0.38,1.97,32775.7,65044.74
2644,600893.SH,20090903,18.5,19.41,18.29,19.3,18.54,0.76,4.1,33342.26,63694.076
2645,600893.SH,20090902,18.13,18.77,18.1,18.54,18.14,0.4,2.21,20537.51,37768.529
2646,600893.SH,20090901,18.71,19.28,18.06,18.14,18.98,-0.84,-4.43,33826.51,62546.929
2647,600893.SH,20090831,20.59,20.6,18.81,18.98,20.8,-1.82,-8.75,38038.7,74654.707
2648,600893.SH,20090828,20.78,21.2,20.02,20.8,20.82,-0.02,-0.1,38471.8,79503.389
2649,600893.SH,20090827,21.11,21.79,20.55,20.82,21.44,-0.62,-2.89,45334.35,95849.616
2650,600893.SH,20090826,20.88,22.0,20.51,21.44,20.95,0.49,2.34,58552.4,125782.363
2651,600893.SH,20090825,21.5,22.0,20.8,20.95,21.63,-0.68,-3.14,73369.61,156182.053
2652,600893.SH,20090824,19.93,21.98,19.7,21.63,20.11,1.52,7.56,77401.49,161940.958
2653,600893.SH,20090821,19.08,20.24,18.94,20.11,19.16,0.95,4.96,55699.21,109810.778
2654,600893.SH,20090820,18.28,19.28,18.15,19.16,18.28,0.88,4.81,40066.93,75152.151
2655,600893.SH,20090819,19.0,19.29,18.01,18.28,19.05,-0.77,-4.04,37067.74,69611.547
2656,600893.SH,20090818,18.5,19.2,18.25,19.05,18.39,0.66,3.59,27949.38,52559.85
2657,600893.SH,20090817,18.7,18.97,18.26,18.39,18.9,-0.51,-2.7,38312.1,71236.115
2658,600893.SH,20090814,20.16,20.22,18.89,18.9,20.09,-1.19,-5.92,39886.26,77490.509
2659,600893.SH,20090813,20.1,20.56,19.85,20.09,20.06,0.03,0.15,27562.99,55658.963
2660,600893.SH,20090812,22.04,22.04,20.0,20.06,21.98,-1.92,-8.74,52593.93,109038.265
2661,600893.SH,20090811,22.0,22.25,21.65,21.98,21.83,0.15,0.69,20631.9,45378.844
2662,600893.SH,20090810,21.92,22.35,21.5,21.83,21.92,-0.09,-0.41,24017.42,52456.917
2663,600893.SH,20090807,21.85,22.4,21.45,21.92,21.86,0.06,0.27,54409.36,119139.297
2664,600893.SH,20090806,22.45,22.58,21.61,21.86,22.69,-0.83,-3.66,50131.94,110583.801
2665,600893.SH,20090805,22.61,22.87,22.28,22.69,22.62,0.07,0.31,50122.58,113040.593
2666,600893.SH,20090804,23.4,23.4,22.3,22.62,23.36,-0.74,-3.17,64069.09,145860.422
2667,600893.SH,20090803,23.38,23.59,22.75,23.36,23.44,-0.08,-0.34,65381.91,151568.607
2668,600893.SH,20090731,23.7,23.88,23.0,23.44,23.36,0.08,0.34,74889.72,174939.978
2669,600893.SH,20090730,22.25,23.4,22.04,23.36,22.0,1.36,6.18,69595.24,157946.584
2670,600893.SH,20090729,23.6,23.95,21.26,22.0,23.54,-1.54,-6.54,77011.01,176155.316
2671,600893.SH,20090728,22.7,23.65,22.2,23.54,22.53,1.01,4.48,117314.87,269889.083
2672,600893.SH,20090727,21.62,22.93,21.6,22.53,21.65,0.88,4.06,83251.05,186911.226
2673,600893.SH,20090724,22.12,22.55,21.37,21.65,22.11,-0.46,-2.08,69119.96,152215.066
2674,600893.SH,20090723,21.59,22.45,21.29,22.11,21.42,0.69,3.22,61477.52,134402.367
2675,600893.SH,20090722,21.1,21.83,21.1,21.42,21.25,0.17,0.8,37490.39,80425.12
2676,600893.SH,20090721,22.01,22.12,21.2,21.25,22.09,-0.84,-3.8,46338.24,100396.684
2677,600893.SH,20090720,21.96,22.39,21.6,22.09,21.93,0.16,0.73,51068.99,112337.428
2678,600893.SH,20090717,22.24,22.56,21.77,21.93,22.6,-0.67,-2.96,61055.95,135219.217
2679,600893.SH,20090716,21.12,22.99,20.85,22.6,21.22,1.38,6.5,110588.03,241759.334
2680,600893.SH,20090715,21.19,21.37,20.75,21.22,21.19,0.03,0.14,67285.87,141793.161
2681,600893.SH,20090714,21.0,21.5,20.8,21.19,21.06,0.13,0.62,33242.28,70268.489
2682,600893.SH,20090713,20.85,21.6,20.85,21.06,20.92,0.14,0.67,47512.1,100870.241
2683,600893.SH,20090710,21.45,21.55,20.8,20.92,21.38,-0.46,-2.15,49769.72,105040.015
2684,600893.SH,20090709,20.2,21.89,20.09,21.38,20.3,1.08,5.32,95353.83,202584.669
2685,600893.SH,20090708,19.3,20.55,19.16,20.3,19.23,1.07,5.56,63229.46,126232.644
2686,600893.SH,20090707,19.45,19.63,19.08,19.23,19.45,-0.22,-1.13,32147.83,62042.711
2687,600893.SH,20090706,19.87,19.99,19.15,19.45,19.82,-0.37,-1.87,45448.55,88131.918
2688,600893.SH,20090703,19.8,20.08,19.62,19.82,20.09,-0.27,-1.34,24573.64,48686.105
2689,600893.SH,20090702,19.35,20.1,19.3,20.09,19.2,0.89,4.64,57822.24,115038.702
2690,600893.SH,20090701,19.34,19.7,19.1,19.2,19.42,-0.22,-1.13,28530.58,54901.283
2691,600893.SH,20090630,19.92,19.97,19.25,19.42,19.94,-0.52,-2.61,33100.32,64602.35
2692,600893.SH,20090629,19.92,20.48,19.79,19.94,20.06,-0.12,-0.6,26393.9,53124.132
2693,600893.SH,20090626,19.88,20.3,19.69,20.06,19.71,0.35,1.78,22476.1,45140.922
2694,600893.SH,20090625,20.12,20.12,19.66,19.71,20.16,-0.45,-2.23,26271.5,52228.347
2695,600893.SH,20090624,20.04,20.23,19.58,20.16,20.01,0.15,0.75,34576.58,68592.978
2696,600893.SH,20090623,20.15,20.25,19.98,20.01,20.28,-0.27,-1.33,18714.37,37575.241
2697,600893.SH,20090622,20.7,20.7,20.0,20.28,20.49,-0.21,-1.02,27781.41,56136.929
2698,600893.SH,20090619,21.37,21.5,20.48,20.49,20.62,-0.13,-0.63,39932.08,83267.426
2699,600893.SH,20090617,20.7,20.87,20.25,20.62,20.71,-0.09,-0.43,19672.82,40432.345
2700,600893.SH,20090616,20.5,20.9,20.2,20.71,20.6,0.11,0.53,22557.42,46437.517
2701,600893.SH,20090615,19.8,20.62,19.8,20.6,19.79,0.81,4.09,24413.7,49495.182
2702,600893.SH,20090612,20.3,20.34,19.76,19.79,20.33,-0.54,-2.66,23112.79,46133.108
2703,600893.SH,20090611,20.6,20.78,20.4,20.43,20.6,-0.17,-0.83,21061.84,43337.278
2704,600893.SH,20090610,20.5,20.79,20.21,20.6,20.59,0.01,0.05,23919.66,49105.103
2705,600893.SH,20090609,20.25,20.69,19.82,20.59,20.35,0.24,1.18,37846.79,76422.681
2706,600893.SH,20090608,20.55,20.76,20.19,20.35,20.57,-0.22,-1.07,24063.77,49304.212
2707,600893.SH,20090605,20.52,21.0,20.11,20.57,20.51,0.06,0.29,40530.38,83359.516
2708,600893.SH,20090604,21.24,21.54,20.3,20.51,21.33,-0.82,-3.84,92229.58,190683.208
2709,600893.SH,20090603,21.78,21.78,21.15,21.33,21.78,-0.45,-2.07,40818.54,87358.209
2710,600893.SH,20090602,22.0,22.18,21.69,21.78,21.99,-0.21,-0.96,35955.6,78623.593
2711,600893.SH,20090601,22.18,22.22,21.55,21.99,21.9,0.09,0.41,36727.02,80237.632
2712,600893.SH,20090527,22.34,22.44,21.6,21.9,22.07,-0.17,-0.77,29086.13,63603.848
2713,600893.SH,20090526,21.7,22.6,21.46,22.07,21.42,0.65,3.03,60909.35,135568.17
2714,600893.SH,20090525,21.18,21.5,20.7,21.42,21.54,-0.12,-0.56,33921.23,71465.386
2715,600893.SH,20090522,21.16,21.97,21.16,21.54,21.33,0.21,0.98,33663.48,72867.623
2716,600893.SH,20090521,21.3,21.8,20.75,21.33,21.28,0.05,0.24,43212.46,91710.84
2717,600893.SH,20090520,21.64,21.75,21.0,21.28,21.64,-0.36,-1.66,34228.62,73076.536
2718,600893.SH,20090519,22.36,22.37,21.46,21.64,21.36,0.28,1.31,46988.39,102660.97
2719,600893.SH,20090518,21.62,21.62,20.76,21.36,21.72,-0.36,-1.66,40356.08,85279.99
2720,600893.SH,20090515,21.95,22.37,21.4,21.72,22.29,-0.57,-2.56,35703.01,77979.893
2721,600893.SH,20090514,22.4,23.45,22.22,22.29,22.27,0.02,0.09,56610.12,128593.191
2722,600893.SH,20090513,21.7,22.8,21.7,22.27,21.98,0.29,1.32,48071.64,107642.994
2723,600893.SH,20090512,20.85,21.99,20.61,21.98,21.06,0.92,4.37,40193.9,87052.673
2724,600893.SH,20090511,22.05,22.5,20.88,21.06,22.61,-1.55,-6.86,69718.34,150736.242
2725,600893.SH,20090508,22.6,23.2,21.9,22.61,22.99,-0.38,-1.65,80378.64,182173.691
2726,600893.SH,20090507,22.76,23.66,21.83,22.99,22.97,0.02,0.09,111684.47,252606.912
2727,600893.SH,20090506,21.8,23.35,21.7,22.97,21.73,1.24,5.71,109142.56,245484.521
2728,600893.SH,20090505,20.04,21.73,19.85,21.73,19.75,1.98,10.03,122644.93,259677.047
2729,600893.SH,20090504,19.0,19.97,18.9,19.75,18.98,0.77,4.06,61013.32,119487.847
2730,600893.SH,20090430,19.15,19.2,18.66,18.98,19.02,-0.04,-0.21,49355.96,93284.266
2731,600893.SH,20090429,18.53,19.35,18.5,19.02,18.5,0.52,2.81,63765.53,121567.055
2732,600893.SH,20090428,18.08,18.88,18.01,18.5,18.35,0.15,0.82,48810.15,89975.176
2733,600893.SH,20090427,19.37,19.82,18.2,18.35,19.54,-1.19,-6.09,82279.45,157147.777
2734,600893.SH,20090424,19.4,19.55,18.77,19.54,19.38,0.16,0.83,66477.35,127709.786
2735,600893.SH,20090423,18.71,19.95,18.41,19.38,18.99,0.39,2.05,89968.32,172340.762
2736,600893.SH,20090422,21.2,22.22,18.75,18.99,20.83,-1.84,-8.83,139429.44,281463.441
2737,600893.SH,20090420,21.0,21.28,20.68,20.83,20.9,-0.07,-0.33,62141.03,130258.317
2738,600893.SH,20090417,21.9,22.3,20.8,20.9,22.17,-1.27,-5.73,118639.09,252712.406
2739,600893.SH,20090416,22.06,23.36,21.8,22.17,21.84,0.33,1.51,108577.54,244898.461
2740,600893.SH,20090415,21.9,23.0,21.3,21.84,21.86,-0.02,-0.09,131367.2,290117.083
2741,600893.SH,20090414,19.97,21.86,19.6,21.86,19.87,1.99,10.02,128840.43,273634.401
2742,600893.SH,20090413,19.11,20.15,19.0,19.87,18.93,0.94,4.97,108232.16,211791.35
2743,600893.SH,20090410,18.95,19.73,18.7,18.93,18.92,0.01,0.05,113850.62,217778.685
2744,600893.SH,20090409,17.71,19.19,17.34,18.92,17.69,1.23,6.95,124694.25,225802.056
2745,600893.SH,20090408,17.8,18.6,17.6,17.69,18.1,-0.41,-2.27,157166.26,283774.649
2746,600893.SH,20090407,16.46,18.11,16.4,18.1,16.46,1.64,9.96,159864.0,277861.75
2747,600893.SH,20090403,16.5,16.86,15.9,16.46,16.42,0.04,0.24,98667.07,161994.02
2748,600893.SH,20090402,16.5,17.12,16.13,16.42,16.49,-0.07,-0.42,102514.47,170678.872
2749,600893.SH,20090401,15.99,16.8,15.99,16.49,15.97,0.52,3.26,91621.74,150059.303
2750,600893.SH,20090331,15.7,16.14,15.5,15.97,16.17,-0.2,-1.24,49646.45,78396.744
2751,600893.SH,20090330,15.6,16.6,15.6,16.17,15.69,0.48,3.06,69036.09,111853.443
2752,600893.SH,20090327,15.44,16.1,15.41,15.69,15.53,0.16,1.03,59114.37,93772.454
2753,600893.SH,20090326,15.33,15.65,14.7,15.53,15.35,0.18,1.17,51827.0,78733.889
2754,600893.SH,20090325,16.14,16.14,15.32,15.35,16.18,-0.83,-5.13,71239.58,111343.44
2755,600893.SH,20090324,15.73,16.48,15.4,16.18,15.56,0.62,3.98,82635.58,132434.653
2756,600893.SH,20090323,15.44,16.02,15.21,15.56,15.45,0.11,0.71,54779.21,85688.859
2757,600893.SH,20090320,16.06,16.07,15.14,15.45,15.99,-0.54,-3.38,62002.06,96198.356
2758,600893.SH,20090319,15.57,16.4,15.57,15.99,15.67,0.32,2.04,54562.64,88062.694
2759,600893.SH,20090318,15.78,15.97,15.58,15.67,15.82,-0.15,-0.95,55891.12,88163.183
2760,600893.SH,20090317,15.39,15.94,15.06,15.82,15.37,0.45,2.93,82588.36,128134.091
2761,600893.SH,20090316,14.2,15.4,14.02,15.37,14.14,1.23,8.7,74301.02,109792.926
2762,600893.SH,20090313,14.77,14.84,14.0,14.14,14.64,-0.5,-3.42,41092.26,58905.531
2763,600893.SH,20090312,14.22,14.85,14.15,14.64,14.22,0.42,2.95,63050.24,91873.018
2764,600893.SH,20090311,13.97,14.78,13.75,14.22,13.66,0.56,4.1,62808.02,89881.444
2765,600893.SH,20090310,13.11,13.68,13.1,13.66,13.17,0.49,3.72,36429.96,49243.896
2766,600893.SH,20090309,14.3,14.45,13.0,13.17,14.24,-1.07,-7.51,46155.95,63152.214
2767,600893.SH,20090306,14.12,14.42,14.0,14.24,14.51,-0.27,-1.86,36244.63,51381.791
2768,600893.SH,20090305,14.78,14.85,14.01,14.51,14.59,-0.08,-0.55,80008.24,115794.418
2769,600893.SH,20090304,14.05,14.9,14.05,14.59,13.96,0.63,4.51,69285.87,100960.824
2770,600893.SH,20090303,13.0,14.2,12.82,13.96,13.52,0.44,3.25,66662.72,92713.33
2771,600893.SH,20090302,12.95,13.7,12.6,13.52,13.47,0.05,0.37,58035.66,76956.711
2772,600893.SH,20090227,14.3,14.39,13.47,13.47,14.97,-1.5,-10.02,95231.26,129924.044
2773,600893.SH,20090226,16.55,16.74,14.97,14.97,16.63,-1.66,-9.98,85877.51,134869.875
2774,600893.SH,20090225,15.99,16.74,15.8,16.63,16.07,0.56,3.48,83353.76,136417.204
2775,600893.SH,20090224,16.36,16.98,15.92,16.07,16.49,-0.42,-2.55,82140.99,135648.957
2776,600893.SH,20090223,16.35,16.66,15.91,16.49,16.4,0.09,0.55,66142.29,108139.849
2777,600893.SH,20090220,15.95,16.66,15.76,16.4,16.07,0.33,2.05,70594.89,114611.091
2778,600893.SH,20090219,16.0,16.2,15.1,16.07,15.73,0.34,2.16,100313.83,157097.561
2779,600893.SH,20090218,15.38,16.25,15.38,15.73,15.75,-0.02,-0.13,87238.24,138782.224
2780,600893.SH,20090217,16.76,16.8,15.6,15.75,16.99,-1.24,-7.3,122438.0,196974.476
2781,600893.SH,20090216,17.3,17.6,16.5,16.99,17.35,-0.36,-2.07,110594.09,187155.237
2782,600893.SH,20090213,17.3,17.75,17.0,17.35,17.39,-0.04,-0.23,112455.4,195523.478
2783,600893.SH,20090212,16.28,17.82,15.8,17.39,16.36,1.03,6.3,157269.29,260706.502
2784,600893.SH,20090210,16.3,16.96,16.0,16.36,16.49,-0.13,-0.79,137201.66,225091.334
2785,600893.SH,20090209,15.01,16.49,15.01,16.49,14.99,1.5,10.01,203584.65,325581.375
2786,600893.SH,20090206,14.66,15.35,14.66,14.99,14.81,0.18,1.22,145038.38,218176.803
2787,600893.SH,20090205,15.86,15.9,14.47,14.81,15.91,-1.1,-6.91,188430.77,283601.225
2788,600893.SH,20090204,15.9,16.39,15.69,15.91,15.93,-0.02,-0.13,100377.13,159951.944
2789,600893.SH,20090203,16.0,16.27,15.62,15.93,16.19,-0.26,-1.61,105182.86,166775.628
2790,600893.SH,20090202,14.9,16.19,14.5,16.19,14.72,1.47,9.99,94861.81,146193.302
2791,600893.SH,20090123,15.05,15.35,14.3,14.72,14.88,-0.16,-1.08,82275.19,121856.859
2792,600893.SH,20090122,13.47,14.88,13.47,14.88,13.53,1.35,9.98,78384.76,111830.077
2793,600893.SH,20090121,12.62,13.83,12.6,13.53,12.82,0.71,5.54,88059.66,118195.852
2794,600893.SH,20090120,12.38,12.86,12.12,12.82,12.33,0.49,3.97,73047.15,92287.284
2795,600893.SH,20090119,12.45,12.7,12.05,12.33,12.34,-0.01,-0.08,65219.79,80230.101
2796,600893.SH,20090116,12.23,12.69,12.06,12.34,12.12,0.22,1.82,83585.28,103830.939
2797,600893.SH,20090115,12.1,12.5,12.01,12.12,12.24,-0.12,-0.98,75506.52,92591.913
2798,600893.SH,20090114,11.37,12.27,11.28,12.24,11.33,0.91,8.03,85011.18,100757.136
2799,600893.SH,20090113,11.46,11.7,11.1,11.33,11.62,-0.29,-2.5,78060.14,89021.156
2800,600893.SH,20090112,11.63,12.07,11.5,11.62,11.61,0.01,0.09,78919.47,93058.381
2801,600893.SH,20090109,11.3,11.74,11.3,11.61,11.17,0.44,3.94,77243.64,89244.243
2802,600893.SH,20090108,11.05,11.35,10.89,11.17,11.34,-0.17,-1.5,73369.77,81970.944
2803,600893.SH,20090107,10.67,11.43,10.67,11.34,10.8,0.54,5.0,119599.42,132686.888
2804,600893.SH,20090106,10.1,10.85,10.0,10.8,10.08,0.72,7.14,94238.59,98847.263
2805,600893.SH,20090105,9.67,10.11,9.67,10.08,9.54,0.54,5.66,49564.39,49232.242
2806,600893.SH,20081231,9.72,9.94,9.51,9.54,9.76,-0.22,-2.25,37551.48,36611.204
2807,600893.SH,20081230,10.23,10.39,9.71,9.76,10.14,-0.38,-3.75,65708.0,66137.788
2808,600893.SH,20081226,10.0,10.33,9.91,10.14,10.14,0.0,0.0,54091.92,54848.459
2809,600893.SH,20081225,10.32,10.53,9.65,10.14,10.22,-0.08,-0.78,83876.63,84840.993
2810,600893.SH,20081224,10.51,10.86,10.05,10.22,10.76,-0.54,-5.02,95540.82,99777.992
2811,600893.SH,20081223,11.49,11.84,10.74,10.76,11.49,-0.73,-6.35,124860.51,141457.783
2812,600893.SH,20081222,11.09,11.76,11.03,11.49,11.24,0.25,2.22,87129.43,100167.378
2813,600893.SH,20081219,11.35,11.67,11.16,11.24,11.47,-0.23,-2.01,107376.99,122184.978
2814,600893.SH,20081218,10.69,11.81,10.6,11.47,10.83,0.64,5.91,158318.71,178235.87
2815,600893.SH,20081217,10.26,10.99,10.02,10.83,10.23,0.6,5.87,126809.83,133760.823
2816,600893.SH,20081216,10.6,10.68,9.88,10.23,10.8,-0.57,-5.28,108013.67,110204.535
2817,600893.SH,20081215,10.85,11.39,10.35,10.8,10.89,-0.09,-0.83,197702.23,215695.365
2818,600893.SH,20081212,9.98,11.09,9.9,10.89,10.08,0.81,8.04,242555.5,257120.686
2819,600893.SH,20081211,9.89,10.24,9.65,10.08,9.87,0.21,2.13,126264.2,125659.168
2820,600893.SH,20081210,9.5,9.94,9.46,9.87,9.58,0.29,3.03,81026.67,79076.61
2821,600893.SH,20081209,10.1,10.24,9.55,9.58,10.1,-0.52,-5.15,97024.3,95454.841
2822,600893.SH,20081208,9.45,10.17,9.4,10.1,9.38,0.72,7.68,124617.41,123037.577
2823,600893.SH,20081205,9.36,9.59,9.08,9.38,9.46,-0.08,-0.85,78790.92,73603.453
2824,600893.SH,20081204,9.31,9.78,9.2,9.46,9.21,0.25,2.71,118900.74,112506.084
2825,600893.SH,20081203,8.95,9.36,8.81,9.21,8.89,0.32,3.6,94614.91,86931.035
2826,600893.SH,20081202,8.4,9.1,8.31,8.89,8.66,0.23,2.66,90396.7,79689.936
2827,600893.SH,20081201,8.36,8.75,8.3,8.66,8.34,0.32,3.84,85661.15,73182.628
2828,600893.SH,20081128,9.0,9.1,8.31,8.34,9.23,-0.89,-9.64,137971.81,118637.242
2829,600893.SH,20081127,9.4,9.95,9.21,9.23,9.14,0.09,0.98,161139.04,153939.046
2830,600893.SH,20081126,9.31,9.56,8.92,9.14,9.56,-0.42,-4.39,123057.37,113558.663
2831,600893.SH,20081125,10.6,10.78,9.56,9.56,10.62,-1.06,-9.98,165698.93,165125.022
2832,600893.SH,20081124,10.7,11.25,10.42,10.62,10.69,-0.07,-0.65,243919.94,264223.441
2833,600893.SH,20081121,9.02,10.69,8.75,10.69,9.72,0.97,9.98,297837.23,298004.797
2834,600893.SH,20081120,9.3,14.08,8.9,9.72,15.3,-5.58,-36.47,364484.03,394179.293
2835,600893.SH,20070528,15.3,15.3,15.3,15.3,14.57,0.73,5.01,1940.01,2968.215
2836,600893.SH,20070525,14.57,14.57,14.57,14.57,13.88,0.69,4.97,808.03,1177.3
2837,600893.SH,20070524,13.88,13.88,13.88,13.88,13.22,0.66,4.99,497.9,691.085
2838,600893.SH,20070523,13.22,13.22,13.22,13.22,12.59,0.63,5.0,335.56,443.61
2839,600893.SH,20070522,12.59,12.59,12.59,12.59,11.99,0.6,5.0,377.43,475.184
2840,600893.SH,20070521,11.99,11.99,11.99,11.99,11.42,0.57,4.99,361.16,433.031
2841,600893.SH,20070518,11.42,11.42,11.42,11.42,10.88,0.54,4.96,342.26,390.861
2842,600893.SH,20070517,10.88,10.88,10.88,10.88,10.36,0.52,5.02,283.36,308.296
2843,600893.SH,20070516,10.36,10.36,10.36,10.36,9.87,0.49,4.96,535.69,554.975
2844,600893.SH,20070515,9.87,9.87,9.87,9.87,9.4,0.47,5.0,460.43,454.444
2845,600893.SH,20070514,9.4,9.4,9.4,9.4,8.95,0.45,5.03,184.05,173.007
2846,600893.SH,20070511,8.95,8.95,8.95,8.95,8.52,0.43,5.05,219.58,196.524
2847,600893.SH,20070510,8.52,8.52,8.52,8.52,8.11,0.41,5.06,191.56,163.209
2848,600893.SH,20070509,8.11,8.11,8.11,8.11,7.72,0.39,5.05,311.75,252.829
2849,600893.SH,20070508,7.72,7.72,7.72,7.72,7.35,0.37,5.03,153.0,118.116
2850,600893.SH,20070430,7.35,7.35,7.35,7.35,7.0,0.35,5.0,200.14,147.103
2851,600893.SH,20070427,7.0,7.0,7.0,7.0,6.67,0.33,4.95,571.89,400.323
2852,600893.SH,20061201,6.67,6.86,6.65,6.67,6.67,0.0,0.0,25268.76,16983.472
2853,600893.SH,20061130,6.69,6.79,6.57,6.67,6.69,-0.02,-0.3,25512.86,17012.688
2854,600893.SH,20061129,6.79,6.89,6.53,6.69,6.89,-0.2,-2.9,31139.98,20739.161
2855,600893.SH,20061127,6.28,6.99,6.28,6.89,6.35,0.54,8.5,76154.43,52139.461
2856,600893.SH,20061124,6.25,6.45,6.21,6.35,6.28,0.07,1.11,16385.31,10347.652
2857,600893.SH,20061123,6.34,6.44,6.25,6.28,6.38,-0.1,-1.57,14710.49,9272.452
2858,600893.SH,20061122,6.25,6.57,6.17,6.38,6.28,0.1,1.59,27775.03,17864.468
2859,600893.SH,20061121,6.61,6.61,6.23,6.28,6.67,-0.39,-5.85,33912.15,21605.575
2860,600893.SH,20061120,6.12,6.7,6.02,6.67,6.09,0.58,9.52,69958.92,45733.795
2861,600893.SH,20061117,5.56,6.09,5.54,6.09,5.54,0.55,9.93,31691.11,18843.676
2862,600893.SH,20061116,5.63,5.65,5.51,5.54,5.63,-0.09,-1.6,10138.48,5631.075
2863,600893.SH,20061115,5.53,5.67,5.53,5.63,5.52,0.11,1.99,13874.35,7772.107
2864,600893.SH,20061114,5.56,5.7,5.32,5.52,5.55,-0.03,-0.54,18979.7,10460.176
2865,600893.SH,20061113,5.98,6.05,5.51,5.55,5.98,-0.43,-7.19,16085.92,9224.179
2866,600893.SH,20061110,6.15,6.15,5.95,5.98,6.13,-0.15,-2.45,17334.88,10474.29
2867,600893.SH,20061109,6.18,6.21,6.09,6.13,6.17,-0.04,-0.65,6038.43,3698.552
2868,600893.SH,20061108,6.1,6.23,5.99,6.17,6.13,0.04,0.65,10299.55,6308.55
2869,600893.SH,20061107,6.24,6.3,6.03,6.13,6.27,-0.14,-2.23,15779.13,9637.203
2870,600893.SH,20061106,6.38,6.39,6.21,6.27,6.38,-0.11,-1.72,13298.41,8341.153
2871,600893.SH,20061103,6.39,6.44,6.32,6.38,6.39,-0.01,-0.16,10529.33,6727.421
2872,600893.SH,20061102,6.35,6.44,6.31,6.39,6.38,0.01,0.16,7476.37,4762.413
2873,600893.SH,20061101,6.48,6.48,6.3,6.38,6.44,-0.06,-0.93,11882.73,7549.988
2874,600893.SH,20061031,6.32,6.45,6.23,6.44,6.36,0.08,1.26,10440.3,6617.493
2875,600893.SH,20061030,6.27,6.37,6.24,6.36,6.24,0.12,1.92,9601.84,6074.159
2876,600893.SH,20061027,6.5,6.54,6.21,6.24,6.48,-0.24,-3.7,16606.69,10512.41
2877,600893.SH,20061026,6.7,6.72,6.45,6.48,6.65,-0.17,-2.56,17071.05,11172.949
2878,600893.SH,20061025,6.74,6.79,6.56,6.65,6.74,-0.09,-1.34,20160.96,13431.11
2879,600893.SH,20061024,6.56,6.85,6.56,6.74,6.54,0.2,3.06,34773.7,23256.603
2880,600893.SH,20061023,6.86,6.93,6.5,6.54,6.86,-0.32,-4.66,24098.5,16267.91
2881,600893.SH,20061020,6.93,7.02,6.85,6.86,6.97,-0.11,-1.58,14681.98,10147.323
2882,600893.SH,20061019,6.93,7.04,6.85,6.97,6.94,0.03,0.43,16461.52,11419.618
2883,600893.SH,20061018,6.95,6.96,6.81,6.94,6.93,0.01,0.14,8179.89,5640.0
2884,600893.SH,20061017,7.08,7.08,6.91,6.93,7.06,-0.13,-1.84,12722.2,8852.902
2885,600893.SH,20061016,6.9,7.15,6.88,7.06,6.85,0.21,3.07,38012.44,26727.273
2886,600893.SH,20061013,6.71,6.89,6.66,6.85,6.71,0.14,2.09,18578.13,12669.168
2887,600893.SH,20061012,6.88,6.88,6.69,6.71,6.86,-0.15,-2.19,12002.66,8091.717
2888,600893.SH,20061011,6.95,6.96,6.7,6.86,6.89,-0.03,-0.44,13476.05,9177.873
2889,600893.SH,20061010,6.87,6.92,6.76,6.89,6.88,0.01,0.15,17803.18,12198.454
2890,600893.SH,20061009,7.0,7.0,6.74,6.88,6.91,-0.03,-0.43,19794.83,13483.508
2891,600893.SH,20060929,6.95,7.1,6.83,6.91,6.96,-0.05,-0.72,22996.31,15936.732
2892,600893.SH,20060928,7.03,7.1,6.9,6.96,7.04,-0.08,-1.14,17376.65,12129.292
2893,600893.SH,20060927,6.91,7.12,6.91,7.04,7.05,-0.01,-0.14,22242.29,15569.179
2894,600893.SH,20060926,6.76,7.17,6.7,7.05,6.76,0.29,4.29,49610.36,34477.49
2895,600893.SH,20060925,6.5,6.79,6.5,6.76,6.56,0.2,3.05,21001.88,14037.092
2896,600893.SH,20060922,6.83,6.83,6.55,6.56,6.81,-0.25,-3.67,23623.0,15743.659
2897,600893.SH,20060921,6.71,6.89,6.64,6.81,6.71,0.1,1.49,40832.42,27728.223
2898,600893.SH,20060920,6.53,6.73,6.44,6.71,6.53,0.18,2.76,24543.48,16243.391
2899,600893.SH,20060919,6.47,6.56,6.4,6.53,6.45,0.08,1.24,13772.38,8947.709
2900,600893.SH,20060918,6.39,6.47,6.3,6.45,6.37,0.08,1.26,9598.44,6156.335
2901,600893.SH,20060915,6.28,6.39,6.25,6.37,6.28,0.09,1.43,10576.6,6687.94
2902,600893.SH,20060914,6.26,6.38,6.23,6.28,6.31,-0.03,-0.48,9978.8,6272.43
2903,600893.SH,20060913,6.4,6.48,6.25,6.31,6.42,-0.11,-1.71,10697.03,6806.204
2904,600893.SH,20060912,6.42,6.45,6.36,6.42,6.41,0.01,0.16,7291.25,4678.434
2905,600893.SH,20060911,6.67,6.67,6.2,6.41,6.49,-0.08,-1.23,13024.32,8308.164
2906,600893.SH,20060908,6.46,6.62,6.43,6.49,6.48,0.01,0.15,13440.41,8743.929
2907,600893.SH,20060907,6.87,6.87,6.47,6.48,6.83,-0.35,-5.12,24772.42,16447.607
2908,600893.SH,20060906,6.68,6.91,6.61,6.83,6.69,0.14,2.09,25765.64,17514.556
2909,600893.SH,20060905,6.7,6.74,6.6,6.69,6.68,0.01,0.15,19686.26,13134.872
2910,600893.SH,20060904,6.42,6.69,6.4,6.68,6.43,0.25,3.89,30501.51,20042.423
2911,600893.SH,20060901,6.48,6.5,6.26,6.43,6.48,-0.05,-0.77,23330.74,14863.216
2912,600893.SH,20060831,6.5,6.55,6.35,6.48,6.49,-0.01,-0.15,13644.41,8784.874
2913,600893.SH,20060830,6.3,6.55,6.3,6.49,6.35,0.14,2.2,18364.43,11855.614
2914,600893.SH,20060829,6.32,6.5,6.3,6.35,6.32,0.03,0.47,23726.7,15179.866
2915,600893.SH,20060828,6.17,6.38,6.13,6.32,6.16,0.16,2.6,19610.03,12320.586
2916,600893.SH,20060825,6.24,6.24,6.12,6.16,6.21,-0.05,-0.81,10280.2,6347.75
2917,600893.SH,20060824,6.12,6.24,6.12,6.21,6.19,0.02,0.32,6696.24,4129.547
2918,600893.SH,20060823,6.23,6.29,6.13,6.19,6.22,-0.03,-0.48,7980.65,4953.636
2919,600893.SH,20060822,6.19,6.27,6.1,6.22,6.19,0.03,0.48,9233.44,5733.934
2920,600893.SH,20060821,5.68,6.2,5.68,6.19,6.13,0.06,0.98,15461.88,9254.034
2921,600893.SH,20060818,6.24,6.28,6.09,6.13,6.23,-0.1,-1.61,16133.84,9950.597
2922,600893.SH,20060817,6.34,6.35,6.22,6.23,6.39,-0.16,-2.5,12713.4,7972.488
2923,600893.SH,20060816,6.35,6.44,6.22,6.39,6.34,0.05,0.79,13837.19,8766.86
2924,600893.SH,20060815,6.23,6.35,6.1,6.34,6.26,0.08,1.28,13391.47,8386.854
2925,600893.SH,20060814,6.33,6.47,6.06,6.26,6.2,0.06,0.97,21219.78,13302.488
2926,600893.SH,20060811,6.32,6.32,6.15,6.2,6.27,-0.07,-1.12,11557.49,7181.922
2927,600893.SH,20060810,6.14,6.28,6.08,6.27,6.12,0.15,2.45,11756.93,7285.94
2928,600893.SH,20060809,6.13,6.26,6.08,6.12,6.17,-0.05,-0.81,12817.52,7894.086
2929,600893.SH,20060808,6.01,6.22,6.01,6.17,6.07,0.1,1.65,15435.29,9452.392
2930,600893.SH,20060807,6.28,6.38,5.99,6.07,6.29,-0.22,-3.5,17074.94,10546.622
2931,600893.SH,20060804,6.8,6.81,6.22,6.29,6.79,-0.5,-7.36,20057.98,13040.877
2932,600893.SH,20060803,6.68,6.85,6.6,6.79,6.66,0.13,1.95,18176.67,12282.851
2933,600893.SH,20060802,6.57,6.71,6.52,6.66,6.57,0.09,1.37,17397.74,11520.561
2934,600893.SH,20060801,6.75,7.08,6.56,6.57,6.98,-0.41,-5.87,34425.91,23357.046
2935,600893.SH,20060731,7.41,7.41,6.93,6.98,7.41,-0.43,-5.8,26981.12,19185.957
2936,600893.SH,20060728,7.51,7.57,7.31,7.41,7.56,-0.15,-1.98,26006.65,19246.39
2937,600893.SH,20060727,7.68,7.77,7.4,7.56,7.68,-0.12,-1.56,39512.22,29897.53
2938,600893.SH,20060726,7.46,7.82,7.39,7.68,7.49,0.19,2.54,61716.77,47300.828
2939,600893.SH,20060725,7.5,7.6,7.36,7.49,7.51,-0.02,-0.27,31964.99,23906.224
2940,600893.SH,20060724,7.07,7.52,6.94,7.51,7.29,0.22,3.02,42421.35,31129.284
2941,600893.SH,20060721,7.22,7.49,7.22,7.29,7.09,0.2,2.82,37856.06,27767.998
2942,600893.SH,20060720,7.0,7.15,6.91,7.09,7.03,0.06,0.85,15023.22,10582.892
2943,600893.SH,20060719,7.29,7.3,6.9,7.03,7.29,-0.26,-3.57,20337.87,14362.431
2944,600893.SH,20060718,7.19,7.36,7.15,7.29,7.29,0.0,0.0,23856.48,17245.874
2945,600893.SH,20060717,7.04,7.5,6.92,7.29,7.0,0.29,4.14,46769.65,34115.57
2946,600893.SH,20060714,6.48,7.05,6.42,7.0,6.61,0.39,5.9,40001.36,27188.611
2947,600893.SH,20060713,7.31,7.34,6.61,6.61,7.34,-0.73,-9.95,49846.42,34376.813
2948,600893.SH,20060712,7.39,7.59,7.23,7.34,7.39,-0.05,-0.68,33938.38,25232.143
2949,600893.SH,20060711,7.5,7.58,7.29,7.39,7.49,-0.1,-1.34,26549.04,19640.964
2950,600893.SH,20060710,7.26,7.87,7.16,7.49,7.29,0.2,2.74,86976.89,65812.553
2951,600893.SH,20060707,6.86,7.35,6.77,7.29,6.79,0.5,7.36,95723.73,67784.258
2952,600893.SH,20060706,6.53,6.85,6.5,6.79,6.53,0.26,3.98,34970.54,23328.413
2953,600893.SH,20060705,6.76,6.77,6.46,6.53,6.76,-0.23,-3.4,26834.23,17574.567
2954,600893.SH,20060704,6.67,6.85,6.65,6.76,6.67,0.09,1.35,36148.55,24359.855
2955,600893.SH,20060703,6.85,6.85,6.58,6.67,6.85,-0.18,-2.63,57256.97,38117.664
2956,600893.SH,20060629,6.83,6.9,6.75,6.85,6.79,0.06,0.88,31243.06,21358.26
2957,600893.SH,20060628,6.93,6.93,6.74,6.79,6.92,-0.13,-1.88,23548.54,16068.121
2958,600893.SH,20060627,6.82,7.15,6.73,6.92,6.77,0.15,2.22,50064.6,34789.516
2959,600893.SH,20060626,6.72,6.84,6.66,6.77,6.73,0.04,0.59,38086.36,25762.628
2960,600893.SH,20060623,6.4,6.86,6.36,6.73,6.37,0.36,5.65,72851.03,48437.237
2961,600893.SH,20060622,6.39,6.5,6.31,6.37,6.42,-0.05,-0.78,20024.09,12789.436
2962,600893.SH,20060621,6.55,6.58,6.38,6.42,6.53,-0.11,-1.68,37995.54,24575.622
2963,600893.SH,20060620,6.5,6.6,6.35,6.53,6.52,0.01,0.15,42141.19,27305.256
2964,600893.SH,20060619,6.3,6.66,6.18,6.52,6.35,0.17,2.68,59232.42,38338.633
2965,600893.SH,20060616,6.18,6.4,6.13,6.35,6.18,0.17,2.75,48642.4,30544.651
2966,600893.SH,20060615,6.12,6.3,6.01,6.18,6.11,0.07,1.15,26175.46,16092.964
2967,600893.SH,20060614,6.21,6.21,6.01,6.11,6.25,-0.14,-2.24,25191.31,15390.44
2968,600893.SH,20060613,6.27,6.33,6.06,6.25,6.25,0.0,0.0,28102.04,17467.31
2969,600893.SH,20060612,6.01,6.38,5.99,6.25,6.06,0.19,3.14,31203.47,19492.075
2970,600893.SH,20060609,6.19,6.29,6.02,6.06,6.23,-0.17,-2.73,38436.33,23754.914
2971,600893.SH,20060608,6.38,6.5,5.97,6.23,6.44,-0.21,-3.26,74033.59,45847.256
2972,600893.SH,20060607,7.17,7.28,6.44,6.44,7.16,-0.72,-10.06,89290.06,59374.117
2973,600893.SH,20060606,7.13,7.35,7.02,7.16,7.09,0.07,0.99,104319.04,75047.939
2974,600893.SH,20060605,7.05,7.38,7.01,7.09,7.79,-0.7,-8.99,153030.6,108094.633
2975,600893.SH,20060602,7.81,7.81,7.79,7.79,8.66,-0.87,-10.05,16429.0,12798.229
2976,600893.SH,20060531,8.66,9.2,8.43,8.66,8.58,0.08,0.93,61021.5,54362.782
2977,600893.SH,20060530,8.33,8.69,8.1,8.58,8.33,0.25,3.0,38249.4,32185.128
2978,600893.SH,20060529,8.13,8.48,8.01,8.33,8.1,0.23,2.84,26546.18,21897.72
2979,600893.SH,20060526,7.85,8.5,7.85,8.1,7.83,0.27,3.45,26811.82,21965.951
2980,600893.SH,20060525,7.85,8.04,7.55,7.83,7.9,-0.07,-0.89,20949.91,16237.109
2981,600893.SH,20060524,8.21,8.5,7.45,7.9,8.04,-0.14,-1.74,37742.58,29872.672
2982,600893.SH,20060523,8.38,8.48,7.86,8.04,8.51,-0.47,-5.52,42309.58,34384.931
2983,600893.SH,20060522,8.49,9.23,8.19,8.51,8.49,0.02,0.24,78710.21,68872.825
2984,600893.SH,20060519,7.72,8.49,7.68,8.49,7.72,0.77,9.97,88971.83,74151.105
2985,600893.SH,20060518,7.3,7.9,6.9,7.72,7.32,0.4,5.46,63965.49,47590.769
2986,600893.SH,20060517,7.11,7.45,6.86,7.32,7.2,0.12,1.67,58507.77,41733.342
2987,600893.SH,20060516,7.9,7.95,7.2,7.2,8.0,-0.8,-10.0,96990.14,71789.953
2988,600893.SH,20060515,7.91,8.58,7.77,8.0,7.91,0.09,1.14,93693.92,76017.047
2989,600893.SH,20060512,7.46,8.08,7.35,7.91,7.39,0.52,7.04,106382.23,81440.156
2990,600893.SH,20060511,7.15,7.39,6.88,7.39,6.72,0.67,9.97,69431.05,50690.668
2991,600893.SH,20060510,6.15,6.72,6.06,6.72,6.11,0.61,9.98,127067.61,84321.668
2992,600893.SH,20060509,5.55,6.11,5.42,6.11,5.55,0.56,10.09,89444.57,51522.473
2993,600893.SH,20060508,5.45,5.65,5.4,5.55,5.46,0.09,1.65,51092.19,28257.271
2994,600893.SH,20060428,5.7,5.88,5.45,5.46,5.64,-0.18,-3.19,48332.23,27085.719
2995,600893.SH,20060427,5.35,5.66,5.25,5.64,5.37,0.27,5.03,55067.0,30221.38
2996,600893.SH,20060426,5.49,5.68,5.36,5.37,5.49,-0.12,-2.19,100689.98,55563.471
2997,600893.SH,20060425,5.1,5.54,5.01,5.49,5.22,0.27,5.17,72421.98,38622.471
2998,600893.SH,20060424,5.21,5.31,4.99,5.22,5.15,0.07,1.36,72948.72,37700.914
2999,600893.SH,20060421,4.82,5.3,4.81,5.15,4.89,0.26,5.32,85215.25,43558.936
3000,600893.SH,20060420,4.82,5.03,4.78,4.89,4.81,0.08,1.66,44523.64,21856.53
3001,600893.SH,20060419,4.81,4.89,4.68,4.81,4.82,-0.01,-0.21,23978.34,11378.333
3002,600893.SH,20060418,4.88,4.91,4.8,4.82,4.89,-0.07,-1.43,16254.45,7869.287
3003,600893.SH,20060417,4.83,5.01,4.75,4.89,4.84,0.05,1.03,32507.35,15923.278
3004,600893.SH,20060414,4.7,4.87,4.6,4.84,4.76,0.08,1.68,29038.89,13667.285
3005,600893.SH,20060413,4.93,5.07,4.75,4.76,4.87,-0.11,-2.26,62972.95,31067.714
3006,600893.SH,20060412,4.86,4.88,4.79,4.87,4.89,-0.02,-0.41,37261.77,18010.182
3007,600893.SH,20060411,4.63,4.95,4.53,4.89,4.62,0.27,5.84,83992.52,39891.411
3008,600893.SH,20060410,4.45,4.63,4.37,4.62,4.44,0.18,4.05,31683.18,14325.63
3009,600893.SH,20060407,4.5,4.55,4.38,4.44,4.5,-0.06,-1.33,20200.46,8953.959
3010,600893.SH,20060406,4.58,4.61,4.48,4.5,4.55,-0.05,-1.1,18692.52,8469.2
3011,600893.SH,20060405,4.55,4.65,4.5,4.55,4.53,0.02,0.44,22802.95,10404.572
3012,600893.SH,20060404,4.47,4.6,4.4,4.53,4.44,0.09,2.03,24883.79,11282.106
3013,600893.SH,20060403,4.34,4.5,4.28,4.44,4.34,0.1,2.3,17556.34,7713.801
3014,600893.SH,20060331,4.33,4.41,4.28,4.34,4.35,-0.01,-0.23,11400.27,4936.877
3015,600893.SH,20060330,4.5,4.56,4.33,4.35,4.52,-0.17,-3.76,15105.32,6660.449
3016,600893.SH,20060329,4.62,4.62,4.5,4.52,4.59,-0.07,-1.53,13681.95,6203.806
3017,600893.SH,20060328,4.58,4.62,4.53,4.59,4.58,0.01,0.22,9959.1,4559.499
3018,600893.SH,20060327,4.51,4.6,4.47,4.58,4.48,0.1,2.23,9928.85,4503.659
3019,600893.SH,20060324,4.64,4.68,4.48,4.48,4.64,-0.16,-3.45,17038.0,7759.086
3020,600893.SH,20060323,4.59,4.72,4.51,4.64,4.59,0.05,1.09,25662.85,11909.617
3021,600893.SH,20060322,4.56,4.66,4.53,4.59,4.59,0.0,0.0,13698.53,6279.406
3022,600893.SH,20060321,4.44,4.75,4.42,4.59,4.44,0.15,3.38,37959.45,17515.017
3023,600893.SH,20060320,4.39,4.46,4.36,4.44,4.37,0.07,1.6,7225.36,3188.789
3024,600893.SH,20060317,4.44,4.49,4.36,4.37,4.43,-0.06,-1.35,8876.24,3913.758
3025,600893.SH,20060316,4.43,4.48,4.41,4.43,4.43,0.0,0.0,9998.25,4438.421
3026,600893.SH,20060315,4.42,4.46,4.34,4.43,4.42,0.01,0.23,19882.82,8753.087
3027,600893.SH,20060314,4.3,4.44,4.23,4.42,4.3,0.12,2.79,16241.3,7093.85
3028,600893.SH,20060313,4.3,4.33,4.2,4.3,4.27,0.03,0.7,6702.28,2863.507
3029,600893.SH,20060310,4.34,4.39,4.23,4.27,4.34,-0.07,-1.61,10222.85,4380.335
3030,600893.SH,20060309,4.41,4.45,4.34,4.34,4.41,-0.07,-1.59,8578.01,3774.529
3031,600893.SH,20060308,4.33,4.43,4.32,4.41,4.33,0.08,1.85,21906.98,9619.1
3032,600893.SH,20060307,4.38,4.41,4.3,4.33,4.38,-0.05,-1.14,11938.57,5185.364
3033,600893.SH,20060306,4.61,4.61,4.31,4.38,4.6,-0.22,-4.78,25273.25,11220.412
3034,600893.SH,20060303,4.69,4.72,4.52,4.6,4.67,-0.07,-1.5,17068.51,7805.783
3035,600893.SH,20060302,4.64,4.76,4.63,4.67,4.64,0.03,0.65,25337.91,11919.429
3036,600893.SH,20060301,4.66,4.66,4.51,4.64,4.68,-0.04,-0.85,18512.21,8500.045
3037,600893.SH,20060228,4.65,4.7,4.53,4.68,4.63,0.05,1.08,12420.19,5707.913
3038,600893.SH,20060227,4.83,4.83,4.6,4.63,4.83,-0.2,-4.14,25541.41,11946.725
3039,600893.SH,20060224,4.88,4.88,4.78,4.83,4.83,0.0,0.0,5866.09,2831.314
3040,600893.SH,20060223,4.8,4.85,4.76,4.83,4.79,0.04,0.84,8004.4,3849.029
3041,600893.SH,20060222,4.81,4.9,4.75,4.79,4.8,-0.01,-0.21,12028.43,5807.108
3042,600893.SH,20060221,4.72,4.8,4.6,4.8,4.7,0.1,2.13,12730.25,6014.345
3043,600893.SH,20060220,4.74,4.8,4.69,4.7,4.74,-0.04,-0.84,8638.4,4095.19
3044,600893.SH,20060217,4.92,4.92,4.71,4.74,4.91,-0.17,-3.46,21188.62,10110.21
3045,600893.SH,20060216,4.93,4.97,4.85,4.91,4.91,0.0,0.0,17112.35,8395.317
3046,600893.SH,20060215,5.03,5.05,4.86,4.91,5.04,-0.13,-2.58,34067.38,16794.316
3047,600893.SH,20060214,5.19,5.19,4.95,5.04,5.15,-0.11,-2.14,26905.02,13555.849
3048,600893.SH,20060213,5.27,5.27,5.13,5.15,5.3,-0.15,-2.83,13474.29,6976.797
3049,600893.SH,20060210,5.2,5.33,5.12,5.3,5.18,0.12,2.32,25527.37,13382.51
3050,600893.SH,20060209,5.27,5.27,5.13,5.18,5.29,-0.11,-2.08,20624.67,10665.736
3051,600893.SH,20060208,5.14,5.3,5.04,5.29,5.15,0.14,2.72,27460.79,14117.912
3052,600893.SH,20060207,5.24,5.34,5.08,5.15,5.24,-0.09,-1.72,36851.3,19019.872
3053,600893.SH,20060206,5.3,5.44,5.18,5.24,5.27,-0.03,-0.57,33012.21,17424.047
3054,600893.SH,20060125,5.41,5.47,5.22,5.27,5.46,-0.19,-3.48,19403.11,10313.897
3055,600893.SH,20060124,5.58,5.61,5.45,5.46,5.58,-0.12,-2.15,21747.04,11968.664
3056,600893.SH,20060123,5.37,5.59,5.32,5.58,5.38,0.2,3.72,28493.02,15597.881
3057,600893.SH,20060120,5.41,5.49,5.28,5.38,5.41,-0.03,-0.55,50706.7,27044.331
3058,600893.SH,20060119,5.12,5.6,5.12,5.41,5.12,0.29,5.66,61140.31,32706.146
3059,600893.SH,20060118,4.95,5.23,4.85,5.12,4.95,0.17,3.43,30425.29,15359.829
3060,600893.SH,20060117,4.96,5.01,4.95,4.95,5.02,-0.07,-1.39,7100.35,3531.067
3061,600893.SH,20060116,4.97,5.1,4.92,5.02,4.97,0.05,1.01,32973.02,16527.064
3062,600893.SH,20060113,5.0,5.05,4.9,4.97,5.0,-0.03,-0.6,10548.52,5229.834
3063,600893.SH,20060112,4.98,5.05,4.8,5.0,4.99,0.01,0.2,15775.51,7789.569
3064,600893.SH,20060111,5.1,5.14,4.98,4.99,5.17,-0.18,-3.48,15125.0,7630.517
3065,600893.SH,20060110,5.11,5.18,5.04,5.17,5.15,0.02,0.39,26588.4,13600.738
3066,600893.SH,20060109,5.04,5.2,5.02,5.15,5.05,0.1,1.98,27063.94,13829.943
3067,600893.SH,20060106,4.96,5.25,4.91,5.05,4.99,0.06,1.2,33728.77,17119.401
3068,600893.SH,20060105,5.05,5.07,4.88,4.99,5.1,-0.11,-2.16,43462.35,21599.206
3069,600893.SH,20060104,4.9,5.1,4.77,5.1,4.97,0.13,2.62,35583.65,17729.288
3070,600893.SH,20051230,5.03,5.25,4.88,4.97,5.0,-0.03,-0.6,28606.03,14308.405
3071,600893.SH,20051229,4.93,5.03,4.87,5.0,4.95,0.05,1.01,19456.33,9649.586
3072,600893.SH,20051228,4.99,5.07,4.86,4.95,4.99,-0.04,-0.8,12212.0,6102.609
3073,600893.SH,20051227,4.69,5.05,4.65,4.99,4.7,0.29,6.17,33839.99,16640.969
3074,600893.SH,20051226,4.75,4.76,4.68,4.7,4.71,-0.01,-0.21,6977.93,3293.161
3075,600893.SH,20051223,4.62,4.74,4.6,4.71,4.62,0.09,1.95,6694.29,3125.622
3076,600893.SH,20051222,4.68,4.68,4.6,4.62,4.66,-0.04,-0.86,5299.64,2458.122
3077,600893.SH,20051221,4.69,4.73,4.63,4.66,4.69,-0.03,-0.64,11249.0,5278.134
3078,600893.SH,20051220,4.66,4.75,4.6,4.69,4.66,0.03,0.64,15802.1,7426.573
3079,600893.SH,20051219,4.49,4.74,4.44,4.66,4.49,0.17,3.79,20756.14,9631.368
3080,600893.SH,20051216,4.48,4.5,4.41,4.49,4.49,0.0,0.0,6040.45,2687.473
3081,600893.SH,20051215,4.49,4.53,4.42,4.49,4.51,-0.02,-0.44,8391.16,3764.182
3082,600893.SH,20051214,4.52,4.56,4.36,4.51,4.5,0.01,0.22,12256.06,5464.421
3083,600893.SH,20051213,4.58,4.58,4.43,4.5,4.59,-0.09,-1.96,11976.4,5393.601
3084,600893.SH,20051212,4.42,4.65,4.42,4.59,4.4,0.19,4.32,20447.07,9344.848
3085,600893.SH,20051209,4.31,4.41,4.31,4.4,4.29,0.11,2.56,4911.73,2145.176
3086,600893.SH,20051208,4.31,4.35,4.22,4.29,4.31,-0.02,-0.46,4444.0,1901.187
3087,600893.SH,20051207,4.24,4.44,4.22,4.31,4.24,0.07,1.65,5275.01,2280.187
3088,600893.SH,20051206,4.33,4.35,4.22,4.24,4.33,-0.09,-2.08,10058.75,4280.317
3089,600893.SH,20051205,4.5,4.58,4.28,4.33,4.55,-0.22,-4.84,6629.0,2936.846
3090,600893.SH,20051202,4.64,4.69,4.55,4.55,4.65,-0.1,-2.15,4500.0,2076.47
3091,600893.SH,20051201,4.53,4.75,4.53,4.65,4.59,0.06,1.31,5791.99,2707.831
3092,600893.SH,20051130,4.57,4.68,4.52,4.59,4.59,0.0,0.0,7365.6,3385.369
3093,600893.SH,20051129,5.08,5.08,4.56,4.59,4.98,-0.39,-7.83,13338.0,6303.299
3094,600893.SH,20051128,5.0,5.0,4.87,4.98,5.05,-0.07,-1.39,5405.31,2670.726
3095,600893.SH,20051125,5.03,5.07,4.85,5.05,5.0,0.05,1.0,16105.82,7965.711
3096,600893.SH,20051124,5.09,5.12,4.95,5.0,5.09,-0.09,-1.77,11213.99,5612.693
3097,600893.SH,20051123,5.0,5.13,4.98,5.09,5.02,0.07,1.39,6891.14,3502.126
3098,600893.SH,20051122,5.06,5.16,4.97,5.02,5.06,-0.04,-0.79,9141.62,4626.59
3099,600893.SH,20051121,5.03,5.1,5.0,5.06,5.03,0.03,0.6,7194.41,3628.211
3100,600893.SH,20051118,5.27,5.27,4.81,5.03,4.81,0.22,4.57,16056.36,8046.89
3101,600893.SH,20051117,4.85,4.87,4.73,4.81,4.87,-0.06,-1.23,10068.82,4838.974
3102,600893.SH,20051116,4.85,4.88,4.59,4.87,4.88,-0.01,-0.2,26206.79,12309.274
3103,600893.SH,20051115,5.38,5.38,4.86,4.88,5.4,-0.52,-9.63,37290.82,18914.409
3104,600893.SH,20051114,5.35,5.41,5.28,5.4,5.36,0.04,0.75,13404.6,7197.404
3105,600893.SH,20051111,5.17,5.4,5.16,5.36,5.21,0.15,2.88,23912.37,12659.5
3106,600893.SH,20051110,5.3,5.36,5.2,5.21,5.31,-0.1,-1.88,16351.1,8652.04
3107,600893.SH,20051109,5.2,5.36,5.13,5.31,5.2,0.11,2.12,23371.93,12345.898
3108,600893.SH,20051108,5.18,5.25,5.13,5.2,5.18,0.02,0.39,10841.57,5644.97
3109,600893.SH,20051107,5.09,5.3,4.98,5.18,5.09,0.09,1.77,31066.06,16035.661
3110,600893.SH,20051104,5.17,5.23,5.03,5.09,5.2,-0.11,-2.12,10924.52,5559.79
3111,600893.SH,20051103,5.18,5.33,5.12,5.2,5.15,0.05,0.97,23663.62,12421.54
3112,600893.SH,20051102,5.07,5.23,5.03,5.15,5.08,0.07,1.38,22262.91,11451.182
3113,600893.SH,20051101,5.14,5.14,4.95,5.08,5.13,-0.05,-0.97,11714.52,5911.96
3114,600893.SH,20051031,4.9,5.22,4.9,5.13,4.9,0.23,4.69,22091.63,11327.535
3115,600893.SH,20051028,4.9,5.0,4.83,4.9,4.92,-0.02,-0.41,16442.49,8074.452
3116,600893.SH,20051027,4.91,4.95,4.81,4.92,4.91,0.01,0.2,12903.83,6297.922
3117,600893.SH,20051026,5.04,5.09,4.88,4.91,5.03,-0.12,-2.39,19671.0,9715.304
3118,600893.SH,20051025,5.06,5.16,4.98,5.03,5.05,-0.02,-0.4,11172.14,5659.828
3119,600893.SH,20051024,5.1,5.18,4.95,5.05,5.14,-0.09,-1.75,24976.09,12543.477
3120,600893.SH,20051021,5.16,5.23,5.07,5.14,5.19,-0.05,-0.96,18832.14,9695.784
3121,600893.SH,20051020,4.9,5.28,4.78,5.19,5.05,0.14,2.77,65975.22,33766.039
3122,600893.SH,20051019,4.88,5.17,4.8,5.05,4.87,0.18,3.7,45825.26,22950.557
3123,600893.SH,20051018,4.8,5.05,4.77,4.87,4.82,0.05,1.04,26006.63,12904.534
3124,600893.SH,20051017,4.8,4.86,4.65,4.82,4.8,0.02,0.42,10442.61,4946.894
3125,600893.SH,20051014,4.79,4.96,4.7,4.8,4.82,-0.02,-0.41,10816.99,5244.316
3126,600893.SH,20051013,4.86,4.9,4.76,4.82,4.9,-0.08,-1.63,16789.06,8111.993
3127,600893.SH,20051012,4.85,5.08,4.75,4.9,4.79,0.11,2.3,59569.02,29711.152
3128,600893.SH,20051011,4.61,4.85,4.52,4.79,4.61,0.18,3.9,24339.99,11544.542
3129,600893.SH,20051010,4.7,4.75,4.52,4.61,4.63,-0.02,-0.43,19406.54,8962.812
3130,600893.SH,20050930,4.28,4.78,4.28,4.63,4.4,0.23,5.23,31284.03,14517.056
3131,600893.SH,20050929,4.23,4.47,4.22,4.4,4.2,0.2,4.76,10313.53,4493.03
3132,600893.SH,20050928,4.18,4.3,4.18,4.2,4.24,-0.04,-0.94,9263.94,3918.644
3133,600893.SH,20050927,4.55,4.55,4.18,4.24,4.53,-0.29,-6.4,16288.22,7032.83
3134,600893.SH,20050926,4.4,4.54,4.4,4.53,4.44,0.09,2.03,7008.14,3127.446
3135,600893.SH,20050923,4.5,4.6,4.42,4.44,4.48,-0.04,-0.89,15149.88,6840.943
3136,600893.SH,20050922,4.6,4.68,4.4,4.48,4.65,-0.17,-3.66,18108.52,8277.573
3137,600893.SH,20050921,4.82,4.82,4.61,4.65,4.82,-0.17,-3.53,20357.13,9539.993
3138,600893.SH,20050920,4.86,4.99,4.73,4.82,4.9,-0.08,-1.63,32633.79,15833.2
3139,600893.SH,20050919,4.7,4.98,4.6,4.9,4.79,0.11,2.3,44277.64,21561.664
3140,600893.SH,20050915,4.7,4.83,4.65,4.79,4.74,0.05,1.05,30734.14,14684.894
3141,600893.SH,20050914,4.66,4.81,4.56,4.74,4.65,0.09,1.94,33579.72,15759.296
3142,600893.SH,20050913,4.55,4.66,4.51,4.65,4.55,0.1,2.2,20379.2,9385.146
3143,600893.SH,20050912,4.41,4.59,4.34,4.55,4.42,0.13,2.94,20206.39,9118.098
3144,600893.SH,20050909,4.5,4.56,4.41,4.42,4.54,-0.12,-2.64,18533.26,8296.377
3145,600893.SH,20050908,4.55,4.65,4.47,4.54,4.53,0.01,0.22,24559.31,11222.221
3146,600893.SH,20050907,4.45,4.54,4.35,4.53,4.49,0.04,0.89,26269.26,11754.626
3147,600893.SH,20050906,4.5,4.68,4.43,4.49,4.56,-0.07,-1.54,42548.52,19403.201
3148,600893.SH,20050905,4.5,4.59,4.41,4.56,4.51,0.05,1.11,34869.74,15748.631
3149,600893.SH,20050902,4.35,4.62,4.34,4.51,4.29,0.22,5.13,79822.71,35837.12
3150,600893.SH,20050901,4.18,4.38,4.15,4.29,4.18,0.11,2.63,60465.52,25989.231
3151,600893.SH,20050831,4.08,4.2,4.03,4.18,4.1,0.08,1.95,32463.96,13423.937
3152,600893.SH,20050830,4.2,4.24,4.08,4.1,4.18,-0.08,-1.91,28461.93,11828.289
3153,600893.SH,20050829,4.19,4.25,4.12,4.18,4.23,-0.05,-1.18,28262.06,11848.43
3154,600893.SH,20050826,4.41,4.41,4.15,4.23,4.39,-0.16,-3.64,39847.33,16921.287
3155,600893.SH,20050825,4.16,4.43,4.08,4.39,4.16,0.23,5.53,68521.51,29480.85
3156,600893.SH,20050824,4.05,4.2,4.03,4.16,4.05,0.11,2.72,34618.65,14275.278
3157,600893.SH,20050823,4.07,4.18,3.94,4.05,4.12,-0.07,-1.7,35093.72,14270.053
3158,600893.SH,20050822,4.19,4.23,4.0,4.12,4.21,-0.09,-2.14,28126.08,11562.612
3159,600893.SH,20050819,4.15,4.44,3.98,4.21,4.19,0.02,0.48,79406.75,33523.817
3160,600893.SH,20050818,4.45,4.8,4.18,4.19,4.48,-0.29,-6.47,120108.77,54701.234
3161,600893.SH,20050817,4.4,4.86,4.21,4.48,4.42,0.06,1.36,155781.24,70249.191
3162,600893.SH,20050816,4.11,4.42,4.1,4.42,4.02,0.4,9.95,175956.85,75731.376
3163,600893.SH,20050815,3.65,4.02,3.62,4.02,3.65,0.37,10.14,52182.18,20446.771
3164,600893.SH,20050812,3.84,3.92,3.64,3.65,3.8,-0.15,-3.95,39430.94,14892.153
3165,600893.SH,20050811,3.79,3.95,3.64,3.8,3.79,0.01,0.26,64274.5,24380.074
3166,600893.SH,20050810,3.85,3.85,3.7,3.79,3.78,0.01,0.26,66198.36,25048.788
3167,600893.SH,20050809,3.45,3.78,3.38,3.78,3.44,0.34,9.88,67903.87,24933.609
3168,600893.SH,20050808,3.5,3.53,3.4,3.44,3.45,-0.01,-0.29,32529.8,11206.634
3169,600893.SH,20050805,3.37,3.52,3.35,3.45,3.37,0.08,2.37,29094.24,10026.165
3170,600893.SH,20050804,3.32,3.4,3.3,3.37,3.34,0.03,0.9,17448.08,5867.94
3171,600893.SH,20050803,3.26,3.44,3.26,3.34,3.27,0.07,2.14,32619.65,10965.888
3172,600893.SH,20050802,3.21,3.28,3.18,3.27,3.2,0.07,2.19,13172.05,4274.905
3173,600893.SH,20050801,3.18,3.24,3.15,3.2,3.21,-0.01,-0.31,9331.75,2968.458
3174,600893.SH,20050729,3.28,3.31,3.17,3.21,3.24,-0.03,-0.93,14976.55,4839.676
3175,600893.SH,20050728,3.35,3.37,3.22,3.24,3.33,-0.09,-2.7,40281.15,13318.346
3176,600893.SH,20050727,3.26,3.33,3.2,3.33,3.2,0.13,4.06,37850.79,12443.152
3177,600893.SH,20050726,3.14,3.2,3.09,3.2,3.1,0.1,3.23,14325.44,4533.058
3178,600893.SH,20050725,3.16,3.16,3.08,3.1,3.15,-0.05,-1.59,6301.68,1961.727
3179,600893.SH,20050722,3.09,3.16,3.06,3.15,3.06,0.09,2.94,11813.04,3690.347
3180,600893.SH,20050721,3.19,3.19,3.05,3.06,3.2,-0.14,-4.38,12034.5,3716.442
3181,600893.SH,20050720,3.25,3.25,3.16,3.2,3.21,-0.01,-0.31,7386.07,2356.418
3182,600893.SH,20050719,3.26,3.29,3.18,3.21,3.26,-0.05,-1.53,11073.9,3580.103
3183,600893.SH,20050718,3.26,3.29,2.95,3.26,3.22,0.04,1.24,23670.53,7389.903
3184,600893.SH,20050715,3.26,3.32,3.21,3.22,3.23,-0.01,-0.31,13518.9,4391.527
3185,600893.SH,20050714,3.34,3.34,3.17,3.23,3.29,-0.06,-1.82,19658.5,6349.343
3186,600893.SH,20050713,3.41,3.42,3.26,3.29,3.4,-0.11,-3.24,35529.85,11828.276
3187,600893.SH,20050712,3.32,3.43,3.27,3.4,3.28,0.12,3.66,20907.55,6982.07
3188,600893.SH,20050711,3.37,3.45,3.15,3.28,3.34,-0.06,-1.8,21553.72,7087.669
3189,600893.SH,20050708,3.42,3.61,3.32,3.34,3.4,-0.06,-1.76,59700.37,20668.004
3190,600893.SH,20050707,3.36,3.41,3.31,3.4,3.36,0.04,1.19,14295.39,4804.427
3191,600893.SH,20050706,3.38,3.39,3.28,3.36,3.32,0.04,1.2,23051.63,7716.527
3192,600893.SH,20050705,3.32,3.35,3.23,3.32,3.32,0.0,0.0,28530.26,9433.379
3193,600893.SH,20050704,3.31,3.32,2.99,3.32,3.32,0.0,0.0,33821.45,10863.788
3194,600893.SH,20050701,3.35,3.36,3.22,3.32,3.35,-0.03,-0.9,13366.96,4391.283
3195,600893.SH,20050630,3.38,3.38,3.28,3.35,3.32,0.03,0.9,13354.32,4444.426
3196,600893.SH,20050629,3.28,3.38,3.28,3.32,3.29,0.03,0.91,8686.49,2894.424
3197,600893.SH,20050628,3.38,3.38,3.26,3.29,3.39,-0.1,-2.95,13091.6,4332.143
3198,600893.SH,20050627,3.26,3.46,3.24,3.39,3.22,0.17,5.28,23602.43,7937.578
3199,600893.SH,20050624,3.24,3.26,3.15,3.22,3.25,-0.03,-0.92,9771.68,3120.285
3200,600893.SH,20050623,3.36,3.37,3.24,3.25,3.36,-0.11,-3.27,10897.03,3585.425
3201,600893.SH,20050622,3.37,3.43,3.33,3.36,3.41,-0.05,-1.47,7326.22,2460.393
3202,600893.SH,20050621,3.33,3.47,3.33,3.41,3.37,0.04,1.19,19209.21,6574.804
3203,600893.SH,20050620,3.35,3.38,3.21,3.37,3.34,0.03,0.9,14060.24,4678.515
3204,600893.SH,20050617,3.25,3.39,3.25,3.34,3.25,0.09,2.77,23355.81,7760.805
3205,600893.SH,20050616,3.23,3.28,3.12,3.25,3.23,0.02,0.62,14004.79,4461.44
3206,600893.SH,20050615,3.25,3.32,3.21,3.23,3.25,-0.02,-0.62,8204.05,2664.015
3207,600893.SH,20050614,3.39,3.43,3.24,3.25,3.38,-0.13,-3.85,10948.25,3661.096
3208,600893.SH,20050613,3.4,3.41,3.28,3.38,3.41,-0.03,-0.88,13388.48,4476.044
3209,600893.SH,20050610,3.5,3.64,3.4,3.41,3.51,-0.1,-2.85,22612.32,7929.495
3210,600893.SH,20050609,3.5,3.55,3.4,3.51,3.55,-0.04,-1.13,36661.77,12725.422
3211,600893.SH,20050608,3.26,3.58,3.21,3.55,3.3,0.25,7.58,50878.72,17345.582
3212,600893.SH,20050607,3.29,3.33,3.24,3.3,3.24,0.06,1.85,45739.87,15026.616
3213,600893.SH,20050606,3.25,3.27,3.15,3.24,3.21,0.03,0.93,10933.66,3510.984
3214,600893.SH,20050603,3.25,3.26,3.16,3.21,3.23,-0.02,-0.62,24382.61,7869.636
3215,600893.SH,20050602,3.19,3.28,3.1,3.23,3.17,0.06,1.89,16475.42,5281.031
3216,600893.SH,20050601,3.23,3.23,3.09,3.17,3.21,-0.04,-1.25,12175.75,3822.509
3217,600893.SH,20050531,3.23,3.27,3.14,3.21,3.2,0.01,0.31,16581.43,5323.326
3218,600893.SH,20050530,3.13,3.2,3.07,3.2,3.1,0.1,3.23,13144.13,4150.633
3219,600893.SH,20050527,3.13,3.16,3.08,3.1,3.1,0.0,0.0,6978.71,2169.973
3220,600893.SH,20050526,3.17,3.18,3.08,3.1,3.12,-0.02,-0.64,10654.29,3341.705
3221,600893.SH,20050525,3.06,3.22,3.03,3.12,3.08,0.04,1.3,17875.94,5627.031
3222,600893.SH,20050524,2.94,3.1,2.93,3.08,2.99,0.09,3.01,9768.68,2980.654
3223,600893.SH,20050523,3.1,3.1,2.97,2.99,3.1,-0.11,-3.55,10010.01,3027.672
3224,600893.SH,20050520,3.16,3.19,3.09,3.1,3.18,-0.08,-2.52,9626.0,3014.836
3225,600893.SH,20050519,3.11,3.23,3.05,3.18,3.12,0.06,1.92,15777.76,4973.796
3226,600893.SH,20050518,3.13,3.15,3.05,3.12,3.14,-0.02,-0.64,9510.59,2938.583
3227,600893.SH,20050517,3.07,3.16,3.04,3.14,3.06,0.08,2.61,14250.5,4442.617
3228,600893.SH,20050516,3.08,3.12,2.98,3.06,3.12,-0.06,-1.92,8530.82,2587.598
3229,600893.SH,20050513,3.1,3.16,3.04,3.12,3.09,0.03,0.97,15524.48,4801.273
3230,600893.SH,20050512,2.96,3.14,2.91,3.09,2.97,0.12,4.04,15735.74,4816.814
3231,600893.SH,20050511,3.06,3.08,2.96,2.97,3.06,-0.09,-2.94,11331.2,3426.777
3232,600893.SH,20050510,2.95,3.1,2.84,3.06,3.02,0.04,1.32,15605.22,4652.592
3233,600893.SH,20050509,3.35,3.38,3.02,3.02,3.36,-0.34,-10.12,21575.0,6706.892
3234,600893.SH,20050429,3.3,3.55,3.3,3.36,3.61,-0.25,-6.93,25662.18,8753.107
3235,600893.SH,20050428,3.48,3.68,3.26,3.61,3.62,-0.01,-0.28,44230.26,15204.774
3236,600893.SH,20050426,3.49,3.7,3.42,3.62,3.53,0.09,2.55,22463.51,8035.075
3237,600893.SH,20050425,3.57,3.59,3.41,3.53,3.66,-0.13,-3.55,20637.32,7170.992
3238,600893.SH,20050422,3.58,3.75,3.55,3.66,3.62,0.04,1.11,30777.61,11316.463
3239,600893.SH,20050421,3.85,3.86,3.51,3.62,3.84,-0.22,-5.73,50545.62,18352.686
3240,600893.SH,20050420,4.14,4.17,3.81,3.84,4.23,-0.39,-9.22,63937.31,24887.765
3241,600893.SH,20050419,4.69,4.69,4.23,4.23,4.7,-0.47,-10.0,72307.03,31462.65
3242,600893.SH,20050418,4.62,4.76,4.46,4.7,4.62,0.08,1.73,65507.62,30316.639
3243,600893.SH,20050415,4.32,4.69,4.29,4.62,4.35,0.27,6.21,91834.03,41836.473
3244,600893.SH,20050414,4.3,4.49,4.27,4.35,4.3,0.05,1.16,48564.6,21420.323
3245,600893.SH,20050413,4.3,4.46,4.25,4.3,4.23,0.07,1.65,44020.77,19169.84
3246,600893.SH,20050412,4.35,4.37,4.2,4.23,4.37,-0.14,-3.2,28317.01,12060.468
3247,600893.SH,20050411,4.28,4.49,4.15,4.37,4.3,0.07,1.63,70049.77,30433.277
3248,600893.SH,20050408,4.42,4.42,4.17,4.3,4.47,-0.17,-3.8,65970.88,28206.222
3249,600893.SH,20050407,4.36,4.65,4.3,4.47,4.37,0.1,2.29,68276.23,30510.985
3250,600893.SH,20050406,4.45,4.49,4.3,4.37,4.46,-0.09,-2.02,44094.05,19323.971
3251,600893.SH,20050405,4.2,4.52,4.2,4.46,4.28,0.18,4.21,52623.94,23036.34
3252,600893.SH,20050404,4.45,4.45,4.2,4.28,4.51,-0.23,-5.1,47172.57,20403.321
3253,600893.SH,20050401,4.45,4.73,4.32,4.51,4.53,-0.02,-0.44,98805.13,44056.089
3254,600893.SH,20050331,4.12,4.53,4.04,4.53,4.12,0.41,9.95,78352.33,33354.293
3255,600893.SH,20050330,4.2,4.27,3.99,4.12,4.24,-0.12,-2.83,51865.98,21472.166
3256,600893.SH,20050329,4.15,4.37,4.1,4.24,4.22,0.02,0.47,64374.05,27286.417
3257,600893.SH,20050328,4.09,4.44,4.02,4.22,4.1,0.12,2.93,113623.42,48261.264
3258,600893.SH,20050325,3.75,4.11,3.68,4.1,3.74,0.36,9.63,76371.78,30112.226
3259,600893.SH,20050324,3.5,3.76,3.43,3.74,3.43,0.31,9.04,34244.74,12543.497
3260,600893.SH,20050323,3.42,3.55,3.31,3.43,3.53,-0.1,-2.83,8019.45,2773.4
3261,600893.SH,20050322,3.61,3.75,3.52,3.53,3.52,0.01,0.28,14438.91,5219.704
3262,600893.SH,20050321,3.41,3.52,3.41,3.52,3.47,0.05,1.44,3663.11,1267.707
3263,600893.SH,20050318,3.6,3.62,3.45,3.47,3.59,-0.12,-3.34,5114.0,1791.307
3264,600893.SH,20050317,3.59,3.66,3.57,3.59,3.6,-0.01,-0.28,5504.76,1991.04
3265,600893.SH,20050316,3.74,3.74,3.57,3.6,3.74,-0.14,-3.74,8796.28,3194.463
3266,600893.SH,20050315,3.74,3.87,3.69,3.74,3.74,0.0,0.0,10408.84,3934.731
3267,600893.SH,20050314,3.94,3.96,3.71,3.74,3.96,-0.22,-5.56,16553.43,6303.593
3268,600893.SH,20050311,3.97,4.06,3.93,3.96,4.02,-0.06,-1.49,9711.0,3861.303
3269,600893.SH,20050310,4.0,4.17,3.95,4.02,4.04,-0.02,-0.5,26469.43,10808.401
3270,600893.SH,20050309,4.05,4.15,4.02,4.04,3.92,0.12,3.06,37172.64,15152.466
3271,600893.SH,20050308,3.87,3.93,3.86,3.92,3.87,0.05,1.29,7856.05,3061.561
3272,600893.SH,20050307,3.9,3.93,3.86,3.87,3.87,0.0,0.0,5535.27,2147.712
3273,600893.SH,20050304,3.94,3.98,3.86,3.87,3.95,-0.08,-2.03,3617.0,1412.894
3274,600893.SH,20050303,3.85,3.95,3.85,3.95,3.9,0.05,1.28,5123.99,2003.287
3275,600893.SH,20050302,4.06,4.07,3.89,3.9,4.05,-0.15,-3.7,13730.99,5464.692
3276,600893.SH,20050301,3.89,4.06,3.84,4.05,3.91,0.14,3.58,14041.25,5513.62
3277,600893.SH,20050228,4.02,4.05,3.9,3.91,4.02,-0.11,-2.74,14483.5,5734.488
3278,600893.SH,20050225,4.01,4.2,4.01,4.02,3.97,0.05,1.26,35554.37,14622.465
3279,600893.SH,20050224,3.85,3.97,3.8,3.97,3.88,0.09,2.32,15159.78,5879.031
3280,600893.SH,20050223,3.92,3.92,3.8,3.88,3.92,-0.04,-1.02,16124.83,6241.762
3281,600893.SH,20050222,3.84,3.95,3.77,3.92,3.86,0.06,1.55,20515.1,7940.29
3282,600893.SH,20050221,3.8,3.87,3.69,3.86,3.85,0.01,0.26,17155.76,6486.477
3283,600893.SH,20050218,3.71,4.06,3.71,3.85,3.69,0.16,4.34,52284.15,20370.52
3284,600893.SH,20050217,3.54,3.71,3.45,3.69,3.54,0.15,4.24,14789.21,5342.972
3285,600893.SH,20050216,3.48,3.6,3.43,3.54,3.42,0.12,3.51,9636.15,3395.754
3286,600893.SH,20050204,3.39,3.47,3.37,3.42,3.41,0.01,0.29,6182.3,2116.352
3287,600893.SH,20050203,3.5,3.57,3.4,3.41,3.55,-0.14,-3.94,7828.54,2730.655
3288,600893.SH,20050202,3.33,3.55,3.33,3.55,3.34,0.21,6.29,8195.23,2831.798
3289,600893.SH,20050201,3.3,3.42,3.3,3.34,3.35,-0.01,-0.3,6013.54,2016.385
3290,600893.SH,20050131,3.48,3.48,3.34,3.35,3.49,-0.14,-4.01,6909.0,2346.701
3291,600893.SH,20050128,3.65,3.65,3.47,3.49,3.63,-0.14,-3.86,10792.76,3811.918
3292,600893.SH,20050127,3.88,3.88,3.55,3.63,3.88,-0.25,-6.44,16658.82,6167.229
3293,600893.SH,20050126,3.99,3.99,3.88,3.88,4.01,-0.13,-3.24,6885.69,2694.507
3294,600893.SH,20050125,3.9,4.03,3.83,4.01,4.08,-0.07,-1.72,18764.89,7440.387
3295,600893.SH,20050124,4.06,4.15,4.05,4.08,3.99,0.09,2.26,17114.98,6977.816
3296,600893.SH,20050121,3.86,4.0,3.83,3.99,3.89,0.1,2.57,6835.55,2684.006
3297,600893.SH,20050120,4.01,4.01,3.88,3.89,4.01,-0.12,-2.99,6298.2,2468.268
3298,600893.SH,20050119,4.04,4.05,3.97,4.01,4.04,-0.03,-0.74,4268.0,1708.567
3299,600893.SH,20050118,3.99,4.05,3.96,4.04,4.02,0.02,0.5,8256.1,3305.633
3300,600893.SH,20050117,4.1,4.1,3.97,4.02,4.15,-0.13,-3.13,9449.57,3798.895
3301,600893.SH,20050114,4.1,4.26,4.1,4.15,4.09,0.06,1.47,34740.46,14515.796
3302,600893.SH,20050113,3.98,4.18,3.87,4.09,3.99,0.1,2.51,17965.52,7281.642
3303,600893.SH,20050112,4.0,4.0,3.9,3.99,4.0,-0.01,-0.25,4419.09,1742.036
3304,600893.SH,20050111,4.0,4.05,3.97,4.0,4.0,0.0,0.0,3876.84,1549.787
3305,600893.SH,20050110,3.98,4.03,3.94,4.0,3.98,0.02,0.5,2441.78,973.952
3306,600893.SH,20050107,3.95,4.04,3.93,3.98,3.93,0.05,1.27,8434.81,3360.572
3307,600893.SH,20050106,3.88,3.95,3.85,3.93,3.94,-0.01,-0.25,2932.76,1146.189
3308,600893.SH,20050105,3.85,3.96,3.8,3.94,3.84,0.1,2.6,7837.58,3043.415
3309,600893.SH,20050104,3.9,4.0,3.8,3.84,4.01,-0.17,-4.24,6742.57,2607.495
3310,600893.SH,20041231,4.2,4.2,3.98,4.01,4.18,-0.17,-4.07,5439.59,2216.328
3311,600893.SH,20041230,4.18,4.21,4.09,4.18,4.16,0.02,0.48,4991.5,2065.91
3312,600893.SH,20041229,4.17,4.22,4.15,4.16,4.18,-0.02,-0.48,4525.22,1891.051
3313,600893.SH,20041228,4.26,4.26,4.17,4.18,4.29,-0.11,-2.56,7545.28,3171.523
3314,600893.SH,20041227,4.35,4.36,4.25,4.29,4.34,-0.05,-1.15,4219.76,1812.933
3315,600893.SH,20041224,4.35,4.44,4.33,4.34,4.4,-0.06,-1.36,6236.5,2726.22
3316,600893.SH,20041223,4.55,4.58,4.38,4.4,4.46,-0.06,-1.35,28023.0,12595.365
3317,600893.SH,20041222,4.31,4.47,4.26,4.46,4.25,0.21,4.94,18795.12,8232.186
3318,600893.SH,20041221,4.29,4.33,4.22,4.25,4.25,0.0,0.0,6070.51,2576.349
3319,600893.SH,20041220,4.37,4.37,4.21,4.25,4.33,-0.08,-1.85,3983.01,1692.715
3320,600893.SH,20041217,4.35,4.38,4.31,4.33,4.29,0.04,0.93,15256.75,6624.989
3321,600893.SH,20041216,4.29,4.35,4.18,4.29,4.28,0.01,0.23,10530.8,4505.133
3322,600893.SH,20041215,4.63,4.68,4.16,4.28,4.62,-0.34,-7.36,9662.5,4201.366
3323,600893.SH,20041214,4.66,4.66,4.58,4.62,4.62,0.0,0.0,2587.05,1193.201
3324,600893.SH,20041213,4.7,4.7,4.57,4.62,4.73,-0.11,-2.33,3352.85,1544.129
3325,600893.SH,20041210,4.9,4.9,4.68,4.73,4.85,-0.12,-2.47,6450.44,3102.705
3326,600893.SH,20041209,4.89,4.9,4.8,4.85,4.82,0.03,0.62,16298.9,7903.301
3327,600893.SH,20041208,4.79,4.83,4.75,4.82,4.73,0.09,1.9,6854.06,3279.782
3328,600893.SH,20041207,4.87,4.91,4.7,4.73,4.86,-0.13,-2.67,7880.0,3796.979
3329,600893.SH,20041206,4.85,4.86,4.76,4.86,4.85,0.01,0.21,6326.56,3044.344
3330,600893.SH,20041203,4.89,4.95,4.78,4.85,4.86,-0.01,-0.21,12246.38,5931.712
3331,600893.SH,20041202,4.75,4.86,4.71,4.86,4.75,0.11,2.32,14743.14,7112.268
3332,600893.SH,20041201,4.65,4.8,4.55,4.75,4.65,0.1,2.15,7957.4,3760.077
3333,600893.SH,20041130,4.58,4.65,4.53,4.65,4.58,0.07,1.53,3823.38,1755.803
3334,600893.SH,20041129,4.66,4.71,4.57,4.58,4.69,-0.11,-2.35,3619.0,1678.141
3335,600893.SH,20041126,4.62,4.8,4.6,4.69,4.6,0.09,1.96,9501.14,4488.339
3336,600893.SH,20041125,4.75,4.76,4.55,4.6,4.75,-0.15,-3.16,13109.16,6039.314
3337,600893.SH,20041124,4.86,4.91,4.74,4.75,4.84,-0.09,-1.86,14235.5,6888.844
3338,600893.SH,20041123,4.8,4.9,4.8,4.84,4.81,0.03,0.62,19358.51,9371.287
3339,600893.SH,20041122,4.8,4.89,4.76,4.81,4.78,0.03,0.63,24469.05,11796.516
3340,600893.SH,20041119,4.82,4.82,4.71,4.78,4.81,-0.03,-0.62,19408.11,9245.119
3341,600893.SH,20041118,4.67,4.82,4.64,4.81,4.67,0.14,3.0,19976.51,9457.592
3342,600893.SH,20041117,4.82,4.82,4.62,4.67,4.83,-0.16,-3.31,11610.71,5435.936
3343,600893.SH,20041116,4.76,4.86,4.68,4.83,4.72,0.11,2.33,23264.1,11143.409
3344,600893.SH,20041115,4.57,4.72,4.55,4.72,4.59,0.13,2.83,12779.79,5959.46
3345,600893.SH,20041112,4.64,4.66,4.55,4.59,4.64,-0.05,-1.08,10474.95,4815.883
3346,600893.SH,20041111,4.65,4.75,4.58,4.64,4.64,0.0,0.0,19853.36,9295.526
3347,600893.SH,20041110,4.49,4.65,4.43,4.64,4.49,0.15,3.34,20903.93,9557.795
3348,600893.SH,20041109,4.55,4.57,4.46,4.49,4.55,-0.06,-1.32,7445.17,3358.102
3349,600893.SH,20041108,4.49,4.57,4.47,4.55,4.5,0.05,1.11,8430.44,3815.233
3350,600893.SH,20041105,4.54,4.6,4.43,4.5,4.54,-0.04,-0.88,17898.04,8042.013
3351,600893.SH,20041104,4.89,4.99,4.5,4.54,4.87,-0.33,-6.78,12739.0,6015.7
3352,600893.SH,20041103,4.83,4.89,4.77,4.87,4.82,0.05,1.04,9739.8,4698.862
3353,600893.SH,20041102,4.88,4.9,4.79,4.82,4.83,-0.01,-0.21,7540.16,3642.402
3354,600893.SH,20041101,4.8,5.0,4.8,4.83,4.85,-0.02,-0.41,8703.93,4254.693
3355,600893.SH,20041029,5.1,5.1,4.73,4.85,5.18,-0.33,-6.37,14236.76,7005.684
3356,600893.SH,20041028,5.28,5.38,5.01,5.18,5.46,-0.28,-5.13,26712.08,13839.075
3357,600893.SH,20041027,5.48,5.57,5.28,5.46,5.4,0.06,1.11,12166.62,6533.195
3358,600893.SH,20041026,5.66,5.78,5.28,5.4,5.61,-0.21,-3.74,22160.29,12222.766
3359,600893.SH,20041025,5.85,5.93,5.47,5.61,5.89,-0.28,-4.75,25930.2,14842.336
3360,600893.SH,20041022,5.85,5.95,5.63,5.89,5.86,0.03,0.51,21083.17,12306.347
3361,600893.SH,20041021,6.03,6.05,5.8,5.86,6.0,-0.14,-2.33,8353.72,4954.353
3362,600893.SH,20041020,6.05,6.07,5.83,6.0,6.03,-0.03,-0.5,10595.9,6297.26
3363,600893.SH,20041019,5.85,6.05,5.8,6.03,5.83,0.2,3.43,19385.28,11600.65
3364,600893.SH,20041018,5.75,5.88,5.73,5.83,5.79,0.04,0.69,4406.1,2549.683
3365,600893.SH,20041015,5.93,5.96,5.65,5.79,5.89,-0.1,-1.7,13385.65,7724.404
3366,600893.SH,20041014,6.06,6.08,5.83,5.89,6.06,-0.17,-2.81,14353.94,8530.506
3367,600893.SH,20041013,5.5,6.09,5.5,6.06,5.85,0.21,3.59,17928.25,10683.201
3368,600893.SH,20041012,5.78,5.9,5.65,5.85,5.75,0.1,1.74,18822.17,10860.277
3369,600893.SH,20041011,5.81,5.88,5.71,5.75,5.81,-0.06,-1.03,32400.38,18697.248
3370,600893.SH,20041008,5.78,5.82,5.58,5.81,5.78,0.03,0.52,10402.23,5910.971
3371,600893.SH,20040930,5.87,5.89,5.76,5.78,5.89,-0.11,-1.87,6831.0,3977.689
3372,600893.SH,20040929,5.99,6.06,5.85,5.89,6.04,-0.15,-2.48,7014.12,4164.352
3373,600893.SH,20040928,6.08,6.15,5.96,6.04,6.07,-0.03,-0.49,6673.36,4027.551
3374,600893.SH,20040927,5.93,6.25,5.93,6.07,5.97,0.1,1.68,16280.06,9989.083
3375,600893.SH,20040924,6.12,6.2,5.96,5.97,6.1,-0.13,-2.13,31898.0,19503.897
3376,600893.SH,20040923,5.84,6.19,5.73,6.1,5.84,0.26,4.45,38957.56,23401.778
3377,600893.SH,20040922,5.93,6.12,5.77,5.84,5.93,-0.09,-1.52,18379.93,10876.804
3378,600893.SH,20040921,6.05,6.05,5.86,5.93,6.02,-0.09,-1.5,16998.6,10059.783
3379,600893.SH,20040920,5.91,6.05,5.76,6.02,5.87,0.15,2.56,27831.45,16450.523
3380,600893.SH,20040917,5.7,5.92,5.59,5.87,5.67,0.2,3.53,16933.96,9704.256
3381,600893.SH,20040916,5.73,5.85,5.61,5.67,5.7,-0.03,-0.53,9466.24,5364.961
3382,600893.SH,20040915,5.52,6.07,5.52,5.7,5.52,0.18,3.26,12842.98,7437.691
3383,600893.SH,20040914,5.4,5.55,5.4,5.52,5.34,0.18,3.37,3001.5,1645.866
3384,600893.SH,20040913,5.4,5.4,5.3,5.34,5.46,-0.12,-2.2,2182.01,1169.483
3385,600893.SH,20040910,5.28,5.48,5.28,5.46,5.4,0.06,1.11,911.49,489.915
3386,600893.SH,20040909,5.57,5.57,5.4,5.4,5.5,-0.1,-1.82,1023.5,557.107
3387,600893.SH,20040908,5.56,5.67,5.47,5.5,5.56,-0.06,-1.08,3366.41,1867.967
3388,600893.SH,20040907,5.53,5.6,5.53,5.56,5.58,-0.02,-0.36,824.1,457.762
3389,600893.SH,20040906,5.57,5.59,5.46,5.58,5.6,-0.02,-0.36,484.0,268.691
3390,600893.SH,20040903,5.56,5.64,5.52,5.6,5.58,0.02,0.36,2490.0,1393.003
3391,600893.SH,20040902,5.38,5.63,5.36,5.58,5.36,0.22,4.1,4336.94,2375.762
3392,600893.SH,20040901,5.62,5.63,5.25,5.36,5.61,-0.25,-4.46,12139.84,6533.661
3393,600893.SH,20040831,5.8,5.86,5.61,5.61,5.6,0.01,0.18,13107.0,7444.615
3394,600893.SH,20040830,5.62,5.65,5.58,5.6,5.62,-0.02,-0.36,2238.24,1255.358
3395,600893.SH,20040827,5.65,5.71,5.56,5.62,5.65,-0.03,-0.53,3036.0,1711.139
3396,600893.SH,20040826,5.73,5.8,5.55,5.65,5.79,-0.14,-2.42,4166.01,2356.041
3397,600893.SH,20040825,5.76,5.83,5.73,5.79,5.83,-0.04,-0.69,1362.64,791.204
3398,600893.SH,20040824,5.79,5.88,5.7,5.83,5.79,0.04,0.69,3138.0,1820.16
3399,600893.SH,20040823,5.75,5.84,5.75,5.79,5.73,0.06,1.05,769.42,444.567
3400,600893.SH,20040820,5.75,5.78,5.71,5.73,5.78,-0.05,-0.87,1247.0,715.837
3401,600893.SH,20040819,5.8,5.84,5.77,5.78,5.83,-0.05,-0.86,1459.0,845.626
3402,600893.SH,20040818,5.7,5.88,5.68,5.83,5.68,0.15,2.64,1911.38,1108.546
3403,600893.SH,20040817,5.79,5.8,5.67,5.68,5.71,-0.03,-0.53,1776.5,1015.829
3404,600893.SH,20040816,5.85,5.91,5.7,5.71,5.92,-0.21,-3.55,2056.39,1181.548
3405,600893.SH,20040813,5.8,5.95,5.8,5.92,5.92,0.0,0.0,1235.18,725.298
3406,600893.SH,20040812,5.87,5.96,5.79,5.92,6.0,-0.08,-1.33,1756.5,1028.726
3407,600893.SH,20040811,6.01,6.01,5.87,6.0,6.01,-0.01,-0.17,2514.0,1492.841
3408,600893.SH,20040810,6.06,6.16,6.0,6.01,6.07,-0.06,-0.99,4175.0,2538.493
3409,600893.SH,20040809,6.01,6.1,5.8,6.07,6.03,0.04,0.66,12938.21,7764.181
3410,600893.SH,20040806,6.1,6.11,5.95,6.03,6.13,-0.1,-1.63,8583.06,5170.979
3411,600893.SH,20040805,6.34,6.34,6.11,6.13,6.32,-0.19,-3.01,3970.99,2451.317
3412,600893.SH,20040804,6.29,6.39,6.16,6.32,6.33,-0.01,-0.16,18876.2,11848.911
3413,600893.SH,20040803,6.11,6.35,6.1,6.33,6.14,0.19,3.09,11207.43,7022.351
3414,600893.SH,20040802,6.2,6.2,6.02,6.14,6.25,-0.11,-1.76,3778.51,2301.047
3415,600893.SH,20040730,6.36,6.39,6.2,6.25,6.35,-0.1,-1.57,1496.0,936.068
3416,600893.SH,20040729,6.34,6.36,6.26,6.35,6.29,0.06,0.95,1899.57,1198.195
3417,600893.SH,20040728,6.26,6.34,6.09,6.29,6.23,0.06,0.96,2949.05,1834.49
3418,600893.SH,20040727,6.22,6.26,6.0,6.23,6.22,0.01,0.16,5432.25,3346.785
3419,600893.SH,20040726,6.33,6.4,6.18,6.22,6.45,-0.23,-3.57,3510.2,2202.998
3420,600893.SH,20040723,6.25,6.46,6.17,6.45,6.3,0.15,2.38,7924.43,5011.172
3421,600893.SH,20040722,6.38,6.38,6.25,6.3,6.43,-0.13,-2.02,4016.46,2530.951
3422,600893.SH,20040721,6.45,6.46,6.26,6.43,6.43,0.0,0.0,5562.09,3532.553
3423,600893.SH,20040720,6.41,6.44,6.28,6.43,6.42,0.01,0.16,5119.28,3249.344
3424,600893.SH,20040719,6.53,6.58,6.4,6.42,6.48,-0.06,-0.93,5628.22,3636.28
3425,600893.SH,20040716,6.3,6.59,6.27,6.48,6.27,0.21,3.35,14132.38,9111.082
3426,600893.SH,20040715,6.25,6.32,6.21,6.27,6.28,-0.01,-0.16,5427.06,3399.068
3427,600893.SH,20040714,6.1,6.28,5.95,6.28,6.18,0.1,1.62,7961.92,4881.035
3428,600893.SH,20040713,6.17,6.2,6.09,6.18,6.18,0.0,0.0,2007.53,1234.016
3429,600893.SH,20040712,6.1,6.18,6.0,6.18,6.13,0.05,0.82,5737.62,3490.66
3430,600893.SH,20040709,6.18,6.26,6.1,6.13,6.18,-0.05,-0.81,3884.68,2394.048
3431,600893.SH,20040708,6.24,6.26,6.08,6.18,6.2,-0.02,-0.32,2795.89,1725.972
3432,600893.SH,20040707,6.25,6.27,6.13,6.2,6.27,-0.07,-1.12,4091.3,2533.52
3433,600893.SH,20040706,6.34,6.38,6.19,6.27,6.34,-0.07,-1.1,8188.0,5125.162
3434,600893.SH,20040705,6.12,6.36,6.12,6.34,6.22,0.12,1.93,7464.18,4683.213
3435,600893.SH,20040702,6.2,6.24,6.03,6.22,6.18,0.04,0.65,8685.51,5346.532
3436,600893.SH,20040701,6.0,6.23,5.96,6.18,5.94,0.24,4.04,15311.1,9381.455
3437,600893.SH,20040630,6.27,6.27,5.92,5.94,6.27,-0.33,-5.26,11842.7,7163.732
3438,600893.SH,20040629,6.22,6.29,6.05,6.27,6.26,0.01,0.16,9674.31,5961.99
3439,600893.SH,20040628,5.99,6.32,5.99,6.26,5.99,0.27,4.51,16839.71,10445.197
3440,600893.SH,20040625,6.01,6.12,5.9,5.99,5.99,0.0,0.0,7718.77,4632.395
3441,600893.SH,20040624,5.83,6.18,5.8,5.99,5.82,0.17,2.92,22950.26,13828.451
3442,600893.SH,20040623,5.7,5.85,5.66,5.82,5.72,0.1,1.75,4672.17,2696.659
3443,600893.SH,20040622,5.58,5.8,5.58,5.72,5.58,0.14,2.51,5341.8,3057.621
3444,600893.SH,20040621,5.5,5.58,5.35,5.58,5.51,0.07,1.27,9485.94,5193.917
3445,600893.SH,20040618,5.56,5.56,5.49,5.51,5.54,-0.03,-0.54,3382.06,1865.597
3446,600893.SH,20040617,5.6,5.62,5.49,5.54,5.62,-0.08,-1.42,3589.99,1992.031
3447,600893.SH,20040616,5.6,5.66,5.53,5.62,5.59,0.03,0.54,3820.64,2140.529
3448,600893.SH,20040615,5.4,5.6,5.4,5.59,5.48,0.11,2.01,2889.83,1596.574
3449,600893.SH,20040614,5.51,5.6,5.47,5.48,5.54,-0.06,-1.08,6002.71,3330.724
3450,600893.SH,20040611,5.51,5.63,5.51,5.54,5.51,0.03,0.54,3131.03,1747.711
3451,600893.SH,20040610,5.4,5.51,5.32,5.51,5.45,0.06,1.1,3630.82,1973.097
3452,600893.SH,20040609,5.44,5.48,5.3,5.45,5.45,0.0,0.0,5802.0,3130.383
3453,600893.SH,20040608,5.45,5.5,5.43,5.45,5.45,0.0,0.0,1870.98,1020.414
3454,600893.SH,20040607,5.51,5.51,5.4,5.45,5.52,-0.07,-1.27,2900.28,1582.526
3455,600893.SH,20040604,5.51,5.65,5.43,5.52,5.51,0.01,0.18,7199.9,3974.274
3456,600893.SH,20040603,5.6,5.6,5.47,5.51,5.59,-0.08,-1.43,9184.54,5073.265
3457,600893.SH,20040602,5.65,5.68,5.55,5.59,5.63,-0.04,-0.71,3713.63,2090.774
3458,600893.SH,20040601,5.41,5.68,5.4,5.63,5.41,0.22,4.07,8154.9,4570.688
3459,600893.SH,20040531,5.45,5.45,5.3,5.41,5.39,0.02,0.37,2327.9,1258.919
3460,600893.SH,20040528,5.39,5.46,5.38,5.39,5.38,0.01,0.19,3891.59,2104.625
3461,600893.SH,20040527,5.26,5.45,5.26,5.38,5.25,0.13,2.48,3492.01,1867.01
3462,600893.SH,20040526,5.2,5.33,5.2,5.25,5.2,0.05,0.96,2627.46,1384.118
3463,600893.SH,20040525,5.35,5.39,5.18,5.2,5.41,-0.21,-3.88,4055.0,2131.154
3464,600893.SH,20040524,5.45,5.51,5.36,5.41,5.49,-0.08,-1.46,2466.5,1337.039
3465,600893.SH,20040521,5.54,5.56,5.44,5.49,5.54,-0.05,-0.9,3289.03,1807.156
3466,600893.SH,20040520,5.65,5.65,5.51,5.54,5.64,-0.1,-1.77,2599.99,1447.989
3467,600893.SH,20040519,5.68,5.73,5.55,5.64,5.64,0.0,0.0,3781.01,2135.35
3468,600893.SH,20040518,5.6,5.74,5.5,5.64,5.62,0.02,0.36,5282.42,2955.687
3469,600893.SH,20040517,5.9,5.9,5.6,5.62,5.81,-0.19,-3.27,4303.99,2439.062
3470,600893.SH,20040514,6.04,6.05,5.8,5.81,6.02,-0.21,-3.49,3843.26,2266.046
3471,600893.SH,20040513,6.03,6.06,5.98,6.02,6.01,0.01,0.17,8554.85,5143.124
3472,600893.SH,20040512,5.95,6.06,5.93,6.01,5.94,0.07,1.18,5294.59,3172.858
3473,600893.SH,20040511,6.0,6.0,5.87,5.94,5.89,0.05,0.85,3261.93,1930.282
3474,600893.SH,20040510,5.88,6.15,5.88,5.89,5.93,-0.04,-0.67,1957.0,1161.829
3475,600893.SH,20040430,5.94,5.96,5.88,5.93,5.84,0.09,1.54,2967.0,1760.691
3476,600893.SH,20040429,5.98,6.06,5.82,5.84,5.98,-0.14,-2.34,4173.0,2481.357
3477,600893.SH,20040428,6.05,6.07,5.95,5.98,6.07,-0.09,-1.48,3703.86,2223.973
3478,600893.SH,20040427,5.94,6.08,5.9,6.07,6.01,0.06,1.0,6962.19,4155.376
3479,600893.SH,20040426,5.88,6.02,5.81,6.01,5.91,0.1,1.69,10121.74,6018.457
3480,600893.SH,20040423,6.11,6.11,5.8,5.91,6.08,-0.17,-2.8,11002.05,6537.259
3481,600893.SH,20040422,6.16,6.18,5.98,6.08,6.19,-0.11,-1.78,13890.4,8394.154
3482,600893.SH,20040421,6.24,6.28,6.16,6.19,6.2,-0.01,-0.16,3319.32,2061.055
3483,600893.SH,20040420,6.1,6.25,6.1,6.2,6.21,-0.01,-0.16,4322.83,2676.97
3484,600893.SH,20040416,6.3,6.39,6.05,6.21,6.35,-0.14,-2.2,11232.87,6977.177
3485,600893.SH,20040415,6.44,6.46,6.33,6.35,6.44,-0.09,-1.4,5876.58,3761.09
3486,600893.SH,20040414,6.5,6.54,6.3,6.44,6.49,-0.05,-0.77,12398.42,7929.974
3487,600893.SH,20040413,6.65,6.66,6.45,6.49,6.65,-0.16,-2.41,8135.0,5326.826
3488,600893.SH,20040412,6.45,6.67,6.41,6.65,6.55,0.1,1.53,9672.05,6338.916
3489,600893.SH,20040409,6.66,6.72,6.54,6.55,6.64,-0.09,-1.36,12062.66,8007.556
3490,600893.SH,20040408,6.75,6.78,6.6,6.64,6.75,-0.11,-1.63,12737.21,8507.501
3491,600893.SH,20040407,6.76,6.84,6.66,6.75,6.76,-0.01,-0.15,11744.28,7932.347
3492,600893.SH,20040406,6.83,6.85,6.65,6.76,6.83,-0.07,-1.02,13212.87,8902.409
3493,600893.SH,20040405,6.99,6.99,6.78,6.83,6.96,-0.13,-1.87,14387.09,9859.823
3494,600893.SH,20040402,6.8,7.05,6.74,6.96,6.77,0.19,2.81,26486.69,18347.501
3495,600893.SH,20040401,6.87,6.87,6.71,6.77,6.86,-0.09,-1.31,11488.22,7786.734
3496,600893.SH,20040331,6.89,6.94,6.8,6.86,6.89,-0.03,-0.44,10254.86,7027.007
3497,600893.SH,20040330,6.8,6.9,6.68,6.89,6.8,0.09,1.32,22715.61,15468.343
3498,600893.SH,20040329,6.63,6.89,6.63,6.8,6.58,0.22,3.34,46577.69,31572.716
3499,600893.SH,20040326,6.63,6.65,6.49,6.58,6.55,0.03,0.46,16681.97,10970.866
3500,600893.SH,20040325,6.6,6.62,6.46,6.55,6.54,0.01,0.15,7879.36,5136.64
3501,600893.SH,20040324,6.6,6.6,6.49,6.54,6.54,0.0,0.0,8602.53,5643.952
3502,600893.SH,20040323,6.63,6.69,6.48,6.54,6.61,-0.07,-1.06,11502.37,7495.409
3503,600893.SH,20040322,6.49,6.64,6.43,6.61,6.49,0.12,1.85,11588.46,7623.741
3504,600893.SH,20040319,6.38,6.5,6.29,6.49,6.39,0.1,1.56,7881.79,5059.597
3505,600893.SH,20040318,6.6,6.69,6.35,6.39,6.6,-0.21,-3.18,11830.0,7690.328
3506,600893.SH,20040317,6.47,6.75,6.43,6.6,6.48,0.12,1.85,21555.7,14327.089
3507,600893.SH,20040316,6.37,6.5,6.37,6.48,6.37,0.11,1.73,11852.33,7609.645
3508,600893.SH,20040315,6.31,6.4,6.2,6.37,6.36,0.01,0.16,17530.54,11057.912
3509,600893.SH,20040312,6.36,6.44,6.26,6.36,6.37,-0.01,-0.16,6955.48,4409.185
3510,600893.SH,20040311,6.39,6.45,6.25,6.37,6.35,0.02,0.32,8235.91,5205.824
3511,600893.SH,20040310,6.28,6.36,6.19,6.35,6.24,0.11,1.76,10925.47,6827.932
3512,600893.SH,20040309,6.51,6.62,6.17,6.24,6.58,-0.34,-5.17,17174.97,11014.471
3513,600893.SH,20040308,6.72,6.85,6.56,6.58,6.7,-0.12,-1.79,18367.14,12394.821
3514,600893.SH,20040305,6.69,6.8,6.6,6.7,6.69,0.01,0.15,16291.76,10904.515
3515,600893.SH,20040304,6.61,6.73,6.48,6.69,6.71,-0.02,-0.3,26022.77,17189.096
3516,600893.SH,20040303,6.7,7.09,6.69,6.71,6.48,0.23,3.55,100820.9,68986.012
3517,600893.SH,20040301,6.28,6.56,6.17,6.48,6.28,0.2,3.18,21091.91,13497.286
3518,600893.SH,20040227,6.17,6.29,6.04,6.28,6.16,0.12,1.95,11413.22,7025.431
3519,600893.SH,20040226,6.43,6.46,6.13,6.16,6.45,-0.29,-4.5,26706.84,16604.24
3520,600893.SH,20040225,6.42,6.65,6.35,6.45,6.44,0.01,0.16,19723.03,12806.895
3521,600893.SH,20040224,6.58,6.6,6.3,6.44,6.58,-0.14,-2.13,20423.26,13180.536
3522,600893.SH,20040223,6.49,6.77,6.48,6.58,6.45,0.13,2.02,43837.81,29200.008
3523,600893.SH,20040220,6.46,6.6,6.35,6.45,6.45,0.0,0.0,19231.63,12392.456
3524,600893.SH,20040219,6.47,6.55,6.39,6.45,6.47,-0.02,-0.31,17504.63,11300.998
3525,600893.SH,20040218,6.25,6.48,6.18,6.47,6.23,0.24,3.85,20364.99,12991.358
3526,600893.SH,20040217,6.3,6.37,6.19,6.23,6.19,0.04,0.65,10832.0,6782.158
3527,600893.SH,20040216,6.0,6.25,6.0,6.19,6.0,0.19,3.17,11611.67,7120.387
3528,600893.SH,20040213,6.2,6.25,5.98,6.0,6.19,-0.19,-3.07,16836.58,10198.308
3529,600893.SH,20040212,6.17,6.38,6.17,6.19,6.17,0.02,0.32,12659.46,7926.391
3530,600893.SH,20040211,6.1,6.18,6.06,6.17,6.13,0.04,0.65,8959.48,5480.79
3531,600893.SH,20040210,6.07,6.2,6.0,6.13,6.05,0.08,1.32,15749.81,9634.38
3532,600893.SH,20040209,5.78,6.07,5.72,6.05,5.78,0.27,4.67,26128.5,15704.099
3533,600893.SH,20040206,5.93,5.94,5.73,5.78,5.97,-0.19,-3.18,19888.21,11608.304
3534,600893.SH,20040205,5.7,5.97,5.68,5.97,5.69,0.28,4.92,30102.06,17755.513
3535,600893.SH,20040204,5.68,5.7,5.55,5.69,5.62,0.07,1.25,12224.44,6902.915
3536,600893.SH,20040203,5.5,5.76,5.5,5.62,5.52,0.1,1.81,14813.72,8354.723
3537,600893.SH,20040202,5.48,5.53,5.35,5.52,5.36,0.16,2.99,15048.41,8223.943
3538,600893.SH,20040130,5.49,5.57,5.31,5.36,5.49,-0.13,-2.37,12273.0,6700.71
3539,600893.SH,20040129,5.41,5.51,5.4,5.49,5.4,0.09,1.67,8650.9,4731.27
3540,600893.SH,20040116,5.38,5.52,5.25,5.4,5.38,0.02,0.37,13559.17,7240.142
3541,600893.SH,20040114,5.41,5.47,5.36,5.38,5.41,-0.03,-0.55,11008.43,5950.029
3542,600893.SH,20040113,5.25,5.5,5.19,5.41,5.24,0.17,3.24,18840.56,10040.204
3543,600893.SH,20040112,5.2,5.27,5.1,5.24,5.22,0.02,0.38,9846.11,5130.384
3544,600893.SH,20040109,5.18,5.37,5.13,5.22,5.12,0.1,1.95,19992.07,10427.07
3545,600893.SH,20040108,4.89,5.12,4.8,5.12,4.88,0.24,4.92,16088.92,7899.903
3546,600893.SH,20040107,4.87,4.97,4.85,4.88,4.86,0.02,0.41,12404.58,6064.568
3547,600893.SH,20040106,4.86,4.88,4.73,4.86,4.87,-0.01,-0.21,12190.2,5857.545
3548,600893.SH,20040105,4.94,4.98,4.78,4.87,4.94,-0.07,-1.42,14159.04,6869.77
3549,600893.SH,20040102,4.85,4.95,4.82,4.94,4.85,0.09,1.86,5966.91,2914.802
3550,600893.SH,20031231,5.03,5.07,4.8,4.85,5.05,-0.2,-3.96,10679.0,5300.287
3551,600893.SH,20031230,5.14,5.2,5.03,5.05,5.15,-0.1,-1.94,7887.5,4021.798
3552,600893.SH,20031229,5.05,5.15,5.04,5.15,5.09,0.06,1.18,7619.55,3886.008
3553,600893.SH,20031226,5.09,5.14,5.04,5.09,5.08,0.01,0.2,5950.32,3019.303
3554,600893.SH,20031225,4.97,5.1,4.9,5.08,4.99,0.09,1.8,11458.64,5770.724
3555,600893.SH,20031224,5.12,5.15,4.85,4.99,5.1,-0.11,-2.16,20993.81,10432.413
3556,600893.SH,20031223,5.13,5.18,5.05,5.1,5.12,-0.02,-0.39,16595.96,8454.365
3557,600893.SH,20031222,4.96,5.2,4.96,5.12,5.22,-0.1,-1.92,23500.07,11739.505
3558,600893.SH,20031219,5.45,5.45,5.22,5.22,5.49,-0.27,-4.92,22689.0,11913.717
3559,600893.SH,20031218,5.52,5.69,5.38,5.49,5.53,-0.04,-0.72,12916.69,7143.784
3560,600893.SH,20031217,5.6,5.67,5.5,5.53,5.64,-0.11,-1.95,15312.5,8523.877
3561,600893.SH,20031216,5.4,5.78,5.4,5.64,5.5,0.14,2.55,40263.1,23070.133
3562,600893.SH,20031215,5.38,5.53,5.35,5.5,5.38,0.12,2.23,11701.28,6395.994
3563,600893.SH,20031212,5.3,5.43,5.28,5.38,5.28,0.1,1.89,7460.72,3992.056
3564,600893.SH,20031211,5.38,5.41,5.25,5.28,5.3,-0.02,-0.38,7260.28,3855.66
3565,600893.SH,20031209,5.35,5.35,5.2,5.3,5.35,-0.05,-0.93,8571.99,4510.921
3566,600893.SH,20031208,5.38,5.45,5.34,5.35,5.38,-0.03,-0.56,5259.61,2835.74
3567,600893.SH,20031205,5.45,5.48,5.35,5.38,5.43,-0.05,-0.92,5042.28,2724.969
3568,600893.SH,20031204,5.31,5.54,5.27,5.43,5.34,0.09,1.69,15979.83,8669.9
3569,600893.SH,20031203,5.37,5.39,5.25,5.34,5.42,-0.08,-1.48,10443.59,5538.309
3570,600893.SH,20031202,5.35,5.44,5.18,5.42,5.35,0.07,1.31,12127.71,6436.431
3571,600893.SH,20031201,5.21,5.4,5.2,5.35,5.21,0.14,2.69,9294.08,4922.683
3572,600893.SH,20031128,5.22,5.28,5.17,5.21,5.22,-0.01,-0.19,5493.9,2868.667
3573,600893.SH,20031127,5.43,5.45,5.18,5.22,5.4,-0.18,-3.33,11225.0,5925.757
3574,600893.SH,20031126,5.4,5.55,5.3,5.4,5.39,0.01,0.19,13437.05,7251.075
3575,600893.SH,20031125,5.15,5.39,5.13,5.39,5.13,0.26,5.07,21355.84,11345.072
3576,600893.SH,20031124,5.04,5.15,4.9,5.13,5.04,0.09,1.79,7177.11,3638.632
3577,600893.SH,20031121,5.19,5.25,5.01,5.04,5.18,-0.14,-2.7,11489.07,5900.875
3578,600893.SH,20031120,5.06,5.23,4.95,5.18,5.05,0.13,2.57,12999.13,6653.827
3579,600893.SH,20031119,5.01,5.07,4.94,5.05,5.01,0.04,0.8,5052.32,2525.229
3580,600893.SH,20031118,4.95,5.09,4.92,5.01,5.0,0.01,0.2,5255.59,2634.53
3581,600893.SH,20031117,5.0,5.05,4.95,5.0,5.01,-0.01,-0.2,4347.07,2171.119
3582,600893.SH,20031114,5.01,5.12,4.98,5.01,5.07,-0.06,-1.18,7134.14,3582.179
3583,600893.SH,20031113,5.1,5.25,4.94,5.07,5.02,0.05,1.0,21642.11,11032.252
3584,600893.SH,20031112,4.94,5.02,4.86,5.02,4.78,0.24,5.02,16625.08,8304.15
3585,600893.SH,20031111,4.78,4.78,4.62,4.78,4.55,0.23,5.05,9326.2,4442.962
3586,600893.SH,20031110,4.7,4.71,4.48,4.55,4.72,-0.17,-3.6,11219.81,5053.959
3587,600893.SH,20031107,4.68,4.8,4.65,4.72,4.89,-0.17,-3.48,14955.27,6980.064
3588,600893.SH,20031106,5.16,5.16,4.89,4.89,5.15,-0.26,-5.05,13332.3,6574.792
3589,600893.SH,20031105,5.18,5.2,5.11,5.15,5.18,-0.03,-0.58,3643.78,1871.446
3590,600893.SH,20031104,5.13,5.19,5.05,5.18,5.12,0.06,1.17,12795.37,6552.218
3591,600893.SH,20031103,5.21,5.23,5.04,5.12,5.23,-0.11,-2.1,2770.88,1414.308
3592,600893.SH,20031031,5.18,5.3,5.07,5.23,5.2,0.03,0.58,4826.59,2527.433
3593,600893.SH,20031030,5.45,5.47,5.2,5.2,5.47,-0.27,-4.94,10230.0,5385.806
3594,600893.SH,20031029,5.78,5.82,5.43,5.47,5.72,-0.25,-4.37,9056.09,4981.355
3595,600893.SH,20031028,5.87,5.93,5.68,5.72,5.87,-0.15,-2.56,2603.18,1503.307
3596,600893.SH,20031027,5.92,6.01,5.85,5.87,5.95,-0.08,-1.34,7987.6,4712.981
3597,600893.SH,20031024,5.85,5.97,5.7,5.95,5.85,0.1,1.71,3463.77,2015.818
3598,600893.SH,20031023,5.89,5.89,5.79,5.85,5.83,0.02,0.34,3216.54,1883.783
3599,600893.SH,20031022,5.7,5.85,5.69,5.83,5.68,0.15,2.64,3880.58,2238.662
3600,600893.SH,20031021,5.76,5.76,5.63,5.68,5.76,-0.08,-1.39,2510.15,1428.491
3601,600893.SH,20031020,5.76,5.82,5.7,5.76,5.77,-0.01,-0.17,1636.45,939.372
3602,600893.SH,20031017,5.78,5.85,5.73,5.77,5.8,-0.03,-0.52,2869.93,1656.923
3603,600893.SH,20031016,5.92,6.0,5.79,5.8,5.96,-0.16,-2.68,2798.0,1636.237
3604,600893.SH,20031015,6.0,6.09,5.9,5.96,6.04,-0.08,-1.32,2498.9,1496.189
3605,600893.SH,20031014,6.1,6.14,6.04,6.04,6.17,-0.13,-2.11,1842.36,1124.1
3606,600893.SH,20031013,6.11,6.18,6.04,6.17,6.11,0.06,0.98,8101.67,4962.864
3607,600893.SH,20031010,6.0,6.11,5.96,6.11,5.99,0.12,2.0,6124.56,3706.653
3608,600893.SH,20031009,6.05,6.05,5.95,5.99,6.08,-0.09,-1.48,2236.3,1342.222
3609,600893.SH,20031008,5.92,6.1,5.8,6.08,5.9,0.18,3.05,4536.1,2727.383
3610,600893.SH,20030930,5.7,5.95,5.7,5.9,5.78,0.12,2.08,2531.82,1475.658
3611,600893.SH,20030929,5.9,5.9,5.75,5.78,5.95,-0.17,-2.86,1992.0,1154.98
3612,600893.SH,20030926,5.98,5.98,5.88,5.95,6.0,-0.05,-0.83,2034.0,1206.311
3613,600893.SH,20030925,6.06,6.17,6.0,6.0,6.12,-0.12,-1.96,2509.0,1525.18
3614,600893.SH,20030924,5.95,6.15,5.95,6.12,5.95,0.17,2.86,4670.34,2842.036
3615,600893.SH,20030923,5.95,6.0,5.9,5.95,5.99,-0.04,-0.67,1998.25,1186.579
3616,600893.SH,20030922,6.08,6.09,5.89,5.99,6.04,-0.05,-0.83,5011.97,2976.224
3617,600893.SH,20030919,6.16,6.16,5.96,6.04,6.15,-0.11,-1.79,5206.36,3142.165
3618,600893.SH,20030918,6.2,6.2,6.09,6.15,6.19,-0.04,-0.65,1627.76,998.332
3619,600893.SH,20030917,6.21,6.21,6.13,6.19,6.21,-0.02,-0.32,2530.07,1558.921
3620,600893.SH,20030916,6.09,6.23,6.09,6.21,6.2,0.01,0.16,2901.97,1786.832
3621,600893.SH,20030915,6.29,6.29,6.13,6.2,6.3,-0.1,-1.59,1812.0,1125.81
3622,600893.SH,20030912,6.28,6.31,6.03,6.3,6.29,0.01,0.16,5973.76,3687.413
3623,600893.SH,20030911,6.27,6.35,6.26,6.29,6.28,0.01,0.16,1980.38,1246.9
3624,600893.SH,20030910,6.18,6.3,6.16,6.28,6.19,0.09,1.45,2969.72,1852.715
3625,600893.SH,20030909,6.24,6.32,6.16,6.19,6.26,-0.07,-1.12,3380.18,2102.179
3626,600893.SH,20030908,6.31,6.36,6.22,6.26,6.36,-0.1,-1.57,4135.11,2596.67
3627,600893.SH,20030905,6.41,6.52,6.29,6.36,6.4,-0.04,-0.63,4706.19,3013.291
3628,600893.SH,20030904,6.37,6.47,6.31,6.4,6.41,-0.01,-0.16,3075.69,1965.568
3629,600893.SH,20030903,6.5,6.5,6.34,6.41,6.5,-0.09,-1.38,3359.76,2149.668
3630,600893.SH,20030902,6.5,6.59,6.46,6.5,6.47,0.03,0.46,4432.19,2886.312
3631,600893.SH,20030901,6.34,6.47,6.3,6.47,6.34,0.13,2.05,4971.57,3187.461
3632,600893.SH,20030829,6.39,6.39,6.2,6.34,6.42,-0.08,-1.25,7712.87,4815.422
3633,600893.SH,20030828,6.6,6.6,6.3,6.42,6.62,-0.2,-3.02,3350.63,2167.293
3634,600893.SH,20030827,6.56,6.69,6.56,6.62,6.55,0.07,1.07,2750.66,1820.63
3635,600893.SH,20030826,6.51,6.64,6.47,6.55,6.48,0.07,1.08,2215.0,1454.583
3636,600893.SH,20030825,6.58,6.58,6.45,6.48,6.51,-0.03,-0.46,1849.64,1201.076
3637,600893.SH,20030822,6.44,6.56,6.44,6.51,6.46,0.05,0.77,2701.57,1758.299
3638,600893.SH,20030821,6.5,6.56,6.43,6.46,6.47,-0.01,-0.15,3001.53,1943.572
3639,600893.SH,20030820,6.54,6.63,6.44,6.47,6.54,-0.07,-1.07,5389.54,3502.692
3640,600893.SH,20030819,6.56,6.69,6.47,6.54,6.56,-0.02,-0.3,9732.51,6386.446
3641,600893.SH,20030818,6.99,6.99,6.55,6.56,6.87,-0.31,-4.51,10863.0,7288.893
3642,600893.SH,20030815,6.96,6.99,6.86,6.87,6.95,-0.08,-1.15,3334.3,2300.302
3643,600893.SH,20030814,6.97,7.01,6.86,6.95,6.95,0.0,0.0,3734.92,2591.09
3644,600893.SH,20030813,7.08,7.12,6.92,6.95,7.08,-0.13,-1.84,4204.77,2935.421
3645,600893.SH,20030812,7.1,7.16,7.04,7.08,7.1,-0.02,-0.28,2559.69,1813.974
3646,600893.SH,20030811,7.05,7.1,7.03,7.1,7.13,-0.03,-0.42,2534.1,1791.663
3647,600893.SH,20030808,7.12,7.19,7.09,7.13,7.14,-0.01,-0.14,3757.47,2672.087
3648,600893.SH,20030807,7.16,7.22,7.1,7.14,7.16,-0.02,-0.28,4406.09,3148.335
3649,600893.SH,20030806,7.31,7.32,7.15,7.16,7.31,-0.15,-2.05,3705.72,2671.272
3650,600893.SH,20030805,7.29,7.35,7.22,7.31,7.27,0.04,0.55,2351.5,1708.02
3651,600893.SH,20030804,7.2,7.28,7.16,7.27,7.25,0.02,0.28,4031.21,2912.371
3652,600893.SH,20030801,7.34,7.34,7.13,7.25,7.36,-0.11,-1.49,5099.5,3676.79
3653,600893.SH,20030731,7.35,7.47,7.33,7.36,7.36,0.0,0.0,6256.95,4628.007
3654,600893.SH,20030730,7.15,7.38,7.15,7.36,7.18,0.18,2.51,8979.07,6552.624
3655,600893.SH,20030729,7.26,7.32,7.17,7.18,7.25,-0.07,-0.97,3666.8,2656.755
3656,600893.SH,20030728,7.12,7.26,7.05,7.25,7.12,0.13,1.83,4450.28,3195.466
3657,600893.SH,20030725,7.27,7.29,7.09,7.12,7.28,-0.16,-2.2,5470.3,3926.366
3658,600893.SH,20030724,7.35,7.39,7.23,7.28,7.3,-0.02,-0.27,3127.0,2279.428
3659,600893.SH,20030723,7.25,7.34,7.25,7.3,7.25,0.05,0.69,5199.16,3794.144
3660,600893.SH,20030722,7.1,7.3,7.1,7.25,7.11,0.14,1.97,5537.27,4000.3
3661,600893.SH,20030721,7.22,7.3,7.06,7.11,7.25,-0.14,-1.93,8092.09,5809.283
3662,600893.SH,20030718,7.48,7.54,7.24,7.25,7.53,-0.28,-3.72,8975.0,6614.526
3663,600893.SH,20030717,7.55,7.63,7.38,7.53,7.55,-0.02,-0.26,19539.8,14615.678
3664,600893.SH,20030716,7.55,7.72,7.48,7.55,7.55,0.0,0.0,16303.81,12363.425
3665,600893.SH,20030715,7.44,7.65,7.44,7.55,7.48,0.07,0.94,21488.51,16269.22
3666,600893.SH,20030714,7.39,7.68,7.39,7.48,7.37,0.11,1.49,24487.6,18511.384
3667,600893.SH,20030711,7.34,7.45,7.31,7.37,7.34,0.03,0.41,9584.94,7069.517
3668,600893.SH,20030710,7.1,7.4,7.06,7.34,7.05,0.29,4.11,10456.59,7550.669
3669,600893.SH,20030709,7.09,7.09,7.01,7.05,7.07,-0.02,-0.28,2287.82,1607.313
3670,600893.SH,20030708,6.99,7.1,6.94,7.07,7.0,0.07,1.0,2709.16,1902.014
3671,600893.SH,20030707,7.16,7.16,6.91,7.0,7.14,-0.14,-1.96,4597.97,3223.856
3672,600893.SH,20030704,7.15,7.15,7.05,7.14,7.1,0.04,0.56,3347.09,2370.005
3673,600893.SH,20030703,7.09,7.17,7.08,7.1,7.09,0.01,0.14,4325.41,3078.74
3674,600893.SH,20030702,6.98,7.15,6.98,7.09,7.0,0.09,1.29,6630.79,4704.65
3675,600893.SH,20030701,6.9,7.14,6.9,7.0,6.82,0.18,2.64,11358.36,8006.536
3676,600893.SH,20030630,6.9,6.9,6.69,6.82,6.9,-0.08,-1.16,4085.34,2762.894
3677,600893.SH,20030627,6.95,6.97,6.8,6.9,6.97,-0.07,-1.0,7432.37,5103.462
3678,600893.SH,20030626,6.9,6.98,6.85,6.97,6.9,0.07,1.01,7487.89,5172.125
3679,600893.SH,20030625,7.11,7.19,6.82,6.9,7.13,-0.23,-3.23,10451.63,7284.854
3680,600893.SH,20030624,7.11,7.15,7.09,7.13,7.11,0.02,0.28,4549.97,3237.597
3681,600893.SH,20030623,7.34,7.34,7.1,7.11,7.34,-0.23,-3.13,6313.17,4555.629
3682,600893.SH,20030620,7.38,7.44,7.27,7.34,7.37,-0.03,-0.41,4170.0,3068.635
3683,600893.SH,20030619,7.39,7.57,7.3,7.37,7.39,-0.02,-0.27,7260.3,5394.098
3684,600893.SH,20030618,7.4,7.46,7.38,7.39,7.41,-0.02,-0.27,4490.0,3326.878
3685,600893.SH,20030617,7.54,7.54,7.36,7.41,7.54,-0.13,-1.72,12249.27,9107.513
3686,600893.SH,20030616,7.61,7.62,7.5,7.54,7.64,-0.1,-1.31,6685.52,5043.79
3687,600893.SH,20030613,7.65,7.73,7.55,7.64,7.67,-0.03,-0.39,7970.14,6080.323
3688,600893.SH,20030612,7.59,7.77,7.5,7.67,7.61,0.06,0.79,15640.62,11953.148
3689,600893.SH,20030611,7.62,7.69,7.53,7.61,7.6,0.01,0.13,9757.23,7428.282
3690,600893.SH,20030610,7.4,7.65,7.4,7.6,7.4,0.2,2.7,9981.31,7531.504
3691,600893.SH,20030609,7.45,7.53,7.3,7.4,7.52,-0.12,-1.6,10308.14,7621.416
3692,600893.SH,20030606,7.64,7.65,7.45,7.52,7.56,-0.04,-0.53,13597.27,10258.431
3693,600893.SH,20030605,7.21,7.56,7.21,7.56,7.2,0.36,5.0,24340.54,18277.343
3694,600893.SH,20030604,7.45,7.55,7.18,7.2,7.53,-0.33,-4.38,18220.25,13299.473
3695,600893.SH,20030603,7.57,7.8,7.52,7.53,7.51,0.02,0.27,28455.14,21815.466
3696,600893.SH,20030602,7.25,7.51,7.19,7.51,7.15,0.36,5.04,23734.37,17641.129
3697,600893.SH,20030530,7.06,7.16,7.05,7.15,7.12,0.03,0.42,9943.57,7068.183
3698,600893.SH,20030529,7.13,7.2,7.06,7.12,7.11,0.01,0.14,9002.78,6427.583
3699,600893.SH,20030528,7.1,7.28,6.98,7.11,7.06,0.05,0.71,14156.43,10104.424
3700,600893.SH,20030527,7.01,7.16,7.0,7.06,7.04,0.02,0.28,8633.42,6121.891
3701,600893.SH,20030526,7.01,7.14,7.0,7.04,7.02,0.02,0.28,9831.75,6936.158
3702,600893.SH,20030523,7.0,7.1,6.95,7.02,7.03,-0.01,-0.14,12863.86,9045.684
3703,600893.SH,20030522,7.05,7.13,6.92,7.03,7.02,0.01,0.14,6598.94,4625.052
3704,600893.SH,20030521,7.03,7.15,6.96,7.02,7.07,-0.05,-0.71,7761.1,5470.203
3705,600893.SH,20030520,6.95,7.13,6.9,7.07,6.91,0.16,2.32,19028.3,13426.947
3706,600893.SH,20030519,6.87,6.96,6.85,6.91,6.89,0.02,0.29,8730.02,6034.431
3707,600893.SH,20030516,6.81,6.9,6.7,6.89,6.85,0.04,0.58,8841.81,5993.615
3708,600893.SH,20030515,6.61,6.92,6.45,6.85,6.61,0.24,3.63,13748.87,9147.347
3709,600893.SH,20030514,6.5,6.65,6.49,6.61,6.56,0.05,0.76,8915.91,5856.867
3710,600893.SH,20030513,6.5,6.58,6.28,6.56,6.58,-0.02,-0.3,18791.19,12061.989
3711,600893.SH,20030512,6.95,6.98,6.58,6.58,6.93,-0.35,-5.05,21595.35,14316.961
3712,600893.SH,20030430,7.08,7.18,6.91,6.93,7.1,-0.17,-2.39,10222.05,7151.462
3713,600893.SH,20030429,7.06,7.28,6.81,7.1,7.06,0.04,0.57,12821.21,9074.483
3714,600893.SH,20030428,7.1,7.1,6.8,7.06,7.16,-0.1,-1.4,20523.98,14213.105
3715,600893.SH,20030425,7.4,7.54,7.08,7.16,7.4,-0.24,-3.24,14777.11,10678.915
3716,600893.SH,20030424,7.8,7.83,7.4,7.4,7.79,-0.39,-5.01,17570.1,13163.421
3717,600893.SH,20030423,7.8,7.97,7.62,7.79,7.69,0.1,1.3,16096.79,12629.5
3718,600893.SH,20030421,7.92,8.07,7.52,7.69,7.92,-0.23,-2.9,26294.8,20553.495
3719,600893.SH,20030418,7.71,7.94,7.6,7.92,7.71,0.21,2.72,23086.74,18002.339
3720,600893.SH,20030417,7.48,7.85,7.45,7.71,7.48,0.23,3.07,21177.14,16290.683
3721,600893.SH,20030416,7.68,7.68,7.43,7.48,7.68,-0.2,-2.6,30512.35,22927.43
3722,600893.SH,20030415,7.8,7.89,7.39,7.68,7.78,-0.1,-1.29,41973.17,31824.714
3723,600893.SH,20030414,7.58,7.82,7.51,7.78,7.69,0.09,1.17,30815.67,23712.524
3724,600893.SH,20030411,8.06,8.13,7.69,7.69,8.09,-0.4,-4.94,64791.19,50305.815
3725,600893.SH,20030410,8.25,8.3,8.04,8.09,8.25,-0.16,-1.94,27711.92,22635.349
3726,600893.SH,20030409,8.12,8.29,8.07,8.25,8.12,0.13,1.6,23581.4,19363.45
3727,600893.SH,20030408,8.0,8.19,8.0,8.12,8.08,0.04,0.5,19449.79,15815.725
3728,600893.SH,20030407,8.05,8.2,7.94,8.08,8.05,0.03,0.37,20299.48,16395.761
3729,600893.SH,20030404,8.07,8.14,8.0,8.05,8.07,-0.02,-0.25,12207.72,9852.249
3730,600893.SH,20030403,7.8,8.2,7.8,8.07,7.86,0.21,2.67,24767.72,19919.982
3731,600893.SH,20030402,7.98,8.0,7.85,7.86,7.98,-0.12,-1.5,7545.5,5969.814
3732,600893.SH,20030401,7.93,8.09,7.88,7.98,7.93,0.05,0.63,14415.53,11477.672
3733,600893.SH,20030331,7.88,8.05,7.85,7.93,7.95,-0.02,-0.25,16751.63,13279.715
3734,600893.SH,20030328,7.77,8.07,7.71,7.95,7.82,0.13,1.66,21074.56,16718.79
3735,600893.SH,20030327,7.68,7.94,7.6,7.82,7.58,0.24,3.17,45928.56,35833.664
3736,600893.SH,20030326,7.25,7.58,7.2,7.58,7.22,0.36,4.99,16057.03,11919.333
3737,600893.SH,20030325,7.4,7.44,7.2,7.22,7.38,-0.16,-2.17,6404.91,4685.481
3738,600893.SH,20030324,7.33,7.42,7.26,7.38,7.33,0.05,0.68,8334.19,6118.903
3739,600893.SH,20030321,7.2,7.34,7.14,7.33,7.22,0.11,1.52,9786.51,7113.425
3740,600893.SH,20030320,7.2,7.31,7.03,7.22,7.22,0.0,0.0,20093.35,14454.211
3741,600893.SH,20030319,7.6,7.6,7.21,7.22,7.59,-0.37,-4.87,27900.08,20385.815
3742,600893.SH,20030318,7.65,7.73,7.56,7.59,7.56,0.03,0.4,9670.86,7386.357
3743,600893.SH,20030317,7.7,7.7,7.51,7.56,7.71,-0.15,-1.95,8598.07,6528.642
3744,600893.SH,20030314,7.65,7.75,7.56,7.71,7.66,0.05,0.65,11316.81,8671.733
3745,600893.SH,20030313,7.71,7.88,7.6,7.66,7.6,0.06,0.79,21563.29,16755.815
3746,600893.SH,20030312,7.73,7.73,7.49,7.6,7.74,-0.14,-1.81,15700.33,11931.357
3747,600893.SH,20030311,7.7,7.75,7.55,7.74,7.67,0.07,0.91,16979.43,13005.175
3748,600893.SH,20030310,7.6,7.77,7.48,7.67,7.6,0.07,0.92,26874.71,20474.762
3749,600893.SH,20030307,7.89,8.02,7.55,7.6,7.91,-0.31,-3.92,47965.99,37010.407
3750,600893.SH,20030306,8.13,8.15,7.83,7.91,8.15,-0.24,-2.94,35129.29,28026.452
3751,600893.SH,20030305,8.17,8.23,8.05,8.15,8.24,-0.09,-1.09,17346.25,14077.232
3752,600893.SH,20030304,8.18,8.31,8.16,8.24,8.2,0.04,0.49,17068.58,14088.205
3753,600893.SH,20030303,8.18,8.28,8.1,8.2,8.18,0.02,0.24,13938.64,11402.924
3754,600893.SH,20030228,8.1,8.3,8.1,8.18,8.07,0.11,1.36,21456.28,17644.272
3755,600893.SH,20030227,8.15,8.15,8.0,8.07,8.15,-0.08,-0.98,19120.88,15412.199
3756,600893.SH,20030226,8.25,8.3,8.03,8.15,8.26,-0.11,-1.33,24664.95,20081.53
3757,600893.SH,20030225,8.17,8.36,8.13,8.26,8.18,0.08,0.98,28674.49,23606.424
3758,600893.SH,20030224,7.87,8.23,7.85,8.18,7.89,0.29,3.68,30378.71,24338.246
3759,600893.SH,20030221,8.12,8.26,7.85,7.89,8.19,-0.3,-3.66,48814.83,39328.961
3760,600893.SH,20030220,8.39,8.53,8.13,8.19,8.39,-0.2,-2.38,52905.86,43803.438
3761,600893.SH,20030219,8.39,8.67,8.33,8.39,8.38,0.01,0.12,61681.21,52548.214
3762,600893.SH,20030218,8.18,8.4,8.1,8.38,8.15,0.23,2.82,40950.05,33880.467
3763,600893.SH,20030217,7.92,8.15,7.92,8.15,7.98,0.17,2.13,24754.93,19914.032
3764,600893.SH,20030214,7.81,8.2,7.78,7.98,7.81,0.17,2.18,72442.29,58764.74
3765,600893.SH,20030213,7.72,7.94,7.72,7.81,7.72,0.09,1.17,16769.72,13197.2
3766,600893.SH,20030212,7.78,7.8,7.68,7.72,7.78,-0.06,-0.77,13840.65,10696.06
3767,600893.SH,20030211,7.76,7.86,7.66,7.78,7.81,-0.03,-0.38,13446.44,10467.194
3768,600893.SH,20030210,7.47,7.86,7.45,7.81,7.49,0.32,4.27,27847.29,21610.097
3769,600893.SH,20030129,7.42,7.58,7.39,7.49,7.41,0.08,1.08,11159.93,8375.043
3770,600893.SH,20030128,7.52,7.57,7.37,7.41,7.51,-0.1,-1.33,16555.37,12296.799
3771,600893.SH,20030127,7.55,7.59,7.45,7.51,7.49,0.02,0.27,15276.55,11444.793
3772,600893.SH,20030124,7.5,7.58,7.35,7.49,7.56,-0.07,-0.93,11790.45,8776.991
3773,600893.SH,20030122,7.35,7.6,7.33,7.56,7.35,0.21,2.86,18474.92,13867.559
3774,600893.SH,20030121,7.45,7.52,7.33,7.35,7.49,-0.14,-1.87,17164.0,12687.433
3775,600893.SH,20030120,7.47,7.56,7.35,7.49,7.47,0.02,0.27,18469.92,13732.533
3776,600893.SH,20030117,7.49,7.63,7.41,7.47,7.5,-0.03,-0.4,30789.67,23135.249
3777,600893.SH,20030116,7.26,7.58,7.22,7.5,7.26,0.24,3.31,30073.77,22320.264
3778,600893.SH,20030115,7.1,7.39,6.96,7.26,7.08,0.18,2.54,51731.76,37197.621
3779,600893.SH,20030114,6.93,7.2,6.89,7.08,6.93,0.15,2.16,26060.8,18371.598
3780,600893.SH,20030113,6.91,7.0,6.9,6.93,6.97,-0.04,-0.57,8531.21,5921.193
3781,600893.SH,20030110,7.05,7.1,6.96,6.97,7.1,-0.13,-1.83,14230.33,9985.762
3782,600893.SH,20030109,7.01,7.15,6.87,7.1,7.04,0.06,0.85,27565.99,19311.113
3783,600893.SH,20030108,7.14,7.18,6.86,7.04,7.12,-0.08,-1.12,33854.17,23636.678
3784,600893.SH,20030107,7.05,7.18,6.98,7.12,7.06,0.06,0.85,20187.52,14340.608
3785,600893.SH,20030106,7.08,7.1,6.95,7.06,7.08,-0.02,-0.28,13285.08,9329.32
3786,600893.SH,20030103,7.0,7.1,6.85,7.08,6.94,0.14,2.02,31236.08,21994.773
3787,600893.SH,20030102,6.7,7.04,6.6,6.94,6.73,0.21,3.12,33540.42,23138.263
3788,600893.SH,20021231,6.88,6.88,6.62,6.73,6.55,0.18,2.75,12485.75,8420.383
3789,600893.SH,20021230,6.8,6.8,6.55,6.55,6.8,-0.25,-3.68,14992.4,9929.851
3790,600893.SH,20021227,6.8,6.85,6.7,6.8,6.72,0.08,1.19,11709.51,7944.957
3791,600893.SH,20021226,6.74,6.9,6.71,6.72,6.76,-0.04,-0.59,16499.43,11226.643
3792,600893.SH,20021225,6.8,6.8,6.68,6.76,6.81,-0.05,-0.73,9029.74,6095.927
3793,600893.SH,20021224,6.84,6.95,6.66,6.81,6.78,0.03,0.44,12714.46,8720.2
3794,600893.SH,20021220,6.7,6.8,6.66,6.78,6.76,0.02,0.3,8511.62,5738.367
3795,600893.SH,20021219,6.63,6.84,6.6,6.76,6.58,0.18,2.74,19804.43,13364.472
3796,600893.SH,20021218,6.74,6.85,6.52,6.58,6.77,-0.19,-2.81,20074.03,13370.38
3797,600893.SH,20021217,6.7,6.8,6.65,6.77,6.75,0.02,0.3,11801.58,7962.14
3798,600893.SH,20021216,6.74,6.8,6.5,6.75,6.74,0.01,0.15,16018.11,10652.094
3799,600893.SH,20021213,6.75,6.82,6.67,6.74,6.8,-0.06,-0.88,14497.1,9768.752
3800,600893.SH,20021212,6.77,6.88,6.68,6.8,6.78,0.02,0.3,20072.3,13609.368
3801,600893.SH,20021211,6.4,6.78,6.39,6.78,6.47,0.31,4.79,21014.72,13941.28
3802,600893.SH,20021210,6.3,6.59,6.3,6.47,6.44,0.03,0.47,15755.63,10260.686
3803,600893.SH,20021209,7.0,7.0,6.43,6.44,6.74,-0.3,-4.45,27668.62,18473.239
3804,600893.SH,20021205,6.69,6.82,6.55,6.74,6.67,0.07,1.05,37582.55,25140.471
3805,600893.SH,20021204,6.55,6.73,6.46,6.67,6.5,0.17,2.62,35259.78,23368.537
3806,600893.SH,20021203,6.4,6.56,6.4,6.5,6.37,0.13,2.04,21420.1,13899.605
3807,600893.SH,20021202,6.27,6.48,6.27,6.37,6.26,0.11,1.76,17939.21,11443.422
3808,600893.SH,20021129,6.26,6.4,6.13,6.26,6.25,0.01,0.16,26388.46,16545.233
3809,600893.SH,20021128,6.1,6.27,6.1,6.25,6.13,0.12,1.96,7710.18,4766.479
3810,600893.SH,20021127,6.1,6.3,6.05,6.13,6.22,-0.09,-1.45,12185.83,7470.774
3811,600893.SH,20021126,6.3,6.35,6.19,6.22,6.29,-0.07,-1.11,9182.65,5748.321
3812,600893.SH,20021125,6.3,6.49,6.27,6.29,6.24,0.05,0.8,21793.46,13924.955
3813,600893.SH,20021122,5.94,6.25,5.89,6.24,5.96,0.28,4.7,19342.58,11731.823
3814,600893.SH,20021121,6.18,6.22,5.87,5.96,6.18,-0.22,-3.56,24003.98,14468.176
3815,600893.SH,20021120,6.26,6.35,6.18,6.18,6.26,-0.08,-1.28,14820.3,9258.456
3816,600893.SH,20021119,6.13,6.27,6.11,6.26,6.16,0.1,1.62,11155.33,6902.428
3817,600893.SH,20021118,6.3,6.4,6.11,6.16,6.32,-0.16,-2.53,24873.69,15517.577
3818,600893.SH,20021115,6.37,6.46,6.31,6.32,6.37,-0.05,-0.78,30803.54,19620.404
3819,600893.SH,20021114,6.25,6.48,6.17,6.37,6.2,0.17,2.74,42141.66,26870.073
3820,600893.SH,20021113,6.2,6.3,6.11,6.2,6.24,-0.04,-0.64,17993.59,11126.576
3821,600893.SH,20021112,6.19,6.35,5.95,6.24,6.19,0.05,0.81,40374.06,24988.993
3822,600893.SH,20021111,5.95,6.2,5.92,6.19,5.9,0.29,4.92,30978.96,19006.237
3823,600893.SH,20021108,6.1,6.14,5.9,5.9,6.07,-0.17,-2.8,16641.16,10040.35
3824,600893.SH,20021107,6.03,6.2,5.98,6.07,6.03,0.04,0.66,18673.97,11407.298
3825,600893.SH,20021106,5.99,6.08,5.92,6.03,5.99,0.04,0.67,11008.98,6633.411
3826,600893.SH,20021105,5.59,5.99,5.59,5.99,5.7,0.29,5.09,22916.66,13480.684
3827,600893.SH,20021104,5.72,5.85,5.61,5.7,5.77,-0.07,-1.21,12785.79,7297.163
3828,600893.SH,20021101,5.9,5.96,5.72,5.77,5.89,-0.12,-2.04,11448.08,6629.935
3829,600893.SH,20021031,5.98,6.1,5.85,5.89,6.0,-0.11,-1.83,13621.06,8151.924
3830,600893.SH,20021030,5.76,6.09,5.68,6.0,5.8,0.2,3.45,22463.38,13330.47
3831,600893.SH,20021029,5.65,5.82,5.53,5.8,5.73,0.07,1.22,23971.49,13494.564
3832,600893.SH,20021028,5.8,5.89,5.65,5.73,5.84,-0.11,-1.88,16678.24,9591.758
3833,600893.SH,20021025,6.0,6.0,5.78,5.84,6.02,-0.18,-2.99,18580.27,10918.201
3834,600893.SH,20021024,6.12,6.17,5.97,6.02,6.14,-0.12,-1.95,15967.46,9654.961
3835,600893.SH,20021023,6.01,6.2,5.95,6.14,6.01,0.13,2.16,24523.71,14978.757
3836,600893.SH,20021022,6.1,6.21,5.96,6.01,6.0,0.01,0.17,63070.81,38325.408
3837,600893.SH,20021021,5.9,6.0,5.76,6.0,5.71,0.29,5.08,62728.22,37415.435
3838,600893.SH,20021018,5.45,5.71,5.45,5.71,5.44,0.27,4.96,48834.67,27661.881
3839,600893.SH,20021017,5.48,5.58,5.41,5.44,5.47,-0.03,-0.55,19522.06,10736.896
3840,600893.SH,20021016,5.49,5.49,5.36,5.47,5.49,-0.02,-0.36,16633.51,9016.69
3841,600893.SH,20021015,5.35,5.52,5.31,5.49,5.35,0.14,2.62,29299.08,15988.552
3842,600893.SH,20021014,5.2,5.41,5.18,5.35,5.25,0.1,1.9,18519.51,9841.665
3843,600893.SH,20021011,5.12,5.35,5.07,5.25,5.1,0.15,2.94,28026.28,14718.657
3844,600893.SH,20021010,4.98,5.15,4.93,5.1,4.98,0.12,2.41,10162.9,5167.334
3845,600893.SH,20021009,5.13,5.16,4.95,4.98,5.12,-0.14,-2.73,7041.84,3537.924
3846,600893.SH,20021008,5.03,5.16,5.0,5.12,5.09,0.03,0.59,6430.9,3279.655
3847,600893.SH,20020927,5.03,5.23,5.02,5.09,5.06,0.03,0.59,20246.63,10351.225
3848,600893.SH,20020926,5.19,5.25,5.05,5.06,5.28,-0.22,-4.17,14418.0,7403.804
3849,600893.SH,20020925,5.23,5.4,5.03,5.28,5.29,-0.01,-0.19,33402.08,17232.052
3850,600893.SH,20020924,5.31,5.5,5.29,5.29,5.57,-0.28,-5.03,17025.2,9081.682
3851,600893.SH,20020923,5.7,5.7,5.55,5.57,5.71,-0.14,-2.45,5419.96,3035.238
3852,600893.SH,20020920,5.78,5.78,5.7,5.71,5.77,-0.06,-1.04,4394.5,2516.646
3853,600893.SH,20020919,5.75,5.8,5.66,5.77,5.72,0.05,0.87,7065.77,4060.199
3854,600893.SH,20020918,5.85,5.86,5.62,5.72,5.87,-0.15,-2.56,11618.39,6611.222
3855,600893.SH,20020917,5.91,6.05,5.71,5.87,6.01,-0.14,-2.33,15717.36,9149.409
3856,600893.SH,20020916,6.12,6.15,5.95,6.01,6.17,-0.16,-2.59,6534.44,3935.498
3857,600893.SH,20020913,6.2,6.24,6.15,6.17,6.19,-0.02,-0.32,3330.58,2059.894
3858,600893.SH,20020912,6.04,6.29,6.01,6.19,6.04,0.15,2.48,12816.02,7954.182
3859,600893.SH,20020911,5.98,6.04,5.89,6.04,5.98,0.06,1.0,6606.19,3930.374
3860,600893.SH,20020910,5.91,6.04,5.91,5.98,5.96,0.02,0.34,3859.38,2309.722
3861,600893.SH,20020909,6.15,6.16,5.95,5.96,6.16,-0.2,-3.25,11117.02,6700.847
3862,600893.SH,20020906,6.18,6.28,6.15,6.16,6.17,-0.01,-0.16,5458.42,3397.151
3863,600893.SH,20020905,6.2,6.26,6.14,6.17,6.18,-0.01,-0.16,7728.24,4788.693
3864,600893.SH,20020904,6.29,6.29,6.14,6.18,6.29,-0.11,-1.75,12601.29,7804.308
3865,600893.SH,20020903,6.33,6.36,6.26,6.29,6.33,-0.04,-0.63,5289.36,3333.876
3866,600893.SH,20020902,6.28,6.36,6.25,6.33,6.27,0.06,0.96,6315.61,3984.68
3867,600893.SH,20020830,6.3,6.33,6.25,6.27,6.3,-0.03,-0.48,4242.98,2664.83
3868,600893.SH,20020829,6.28,6.34,6.2,6.3,6.27,0.03,0.48,7774.52,4879.408
3869,600893.SH,20020828,6.2,6.3,6.2,6.27,6.23,0.04,0.64,9411.59,5894.655
3870,600893.SH,20020827,6.35,6.42,6.17,6.23,6.38,-0.15,-2.35,25524.3,16006.781
3871,600893.SH,20020826,6.57,6.61,6.37,6.38,6.57,-0.19,-2.89,14616.18,9385.948
3872,600893.SH,20020823,6.6,6.65,6.55,6.57,6.6,-0.03,-0.45,5518.0,3633.171
3873,600893.SH,20020822,6.65,6.67,6.5,6.6,6.65,-0.05,-0.75,12367.78,8150.985
3874,600893.SH,20020821,6.59,6.65,6.57,6.65,6.64,0.01,0.15,8062.24,5323.584
3875,600893.SH,20020820,6.44,6.65,6.44,6.64,6.43,0.21,3.27,9674.84,6345.991
3876,600893.SH,20020819,6.43,6.55,6.4,6.43,6.43,0.0,0.0,8270.16,5348.524
3877,600893.SH,20020816,6.55,6.56,6.38,6.43,6.58,-0.15,-2.28,15209.73,9840.586
3878,600893.SH,20020815,6.67,6.71,6.55,6.58,6.67,-0.09,-1.35,7911.78,5230.84
3879,600893.SH,20020814,6.5,6.75,6.5,6.67,6.5,0.17,2.62,9412.39,6237.234
3880,600893.SH,20020813,6.53,6.68,6.49,6.5,6.68,-0.18,-2.69,16048.41,10545.505
3881,600893.SH,20020812,6.75,6.8,6.62,6.68,6.79,-0.11,-1.62,7631.39,5120.64
3882,600893.SH,20020809,6.81,6.86,6.76,6.79,6.81,-0.02,-0.29,12287.55,8357.753
3883,600893.SH,20020808,7.05,7.1,6.7,6.81,7.03,-0.22,-3.13,21213.85,14529.081
3884,600893.SH,20020807,6.85,7.05,6.84,7.03,6.85,0.18,2.63,10965.76,7624.384
3885,600893.SH,20020806,6.93,6.99,6.83,6.85,6.96,-0.11,-1.58,20950.45,14445.964
3886,600893.SH,20020805,7.03,7.12,6.92,6.96,7.13,-0.17,-2.38,16135.84,11297.577
3887,600893.SH,20020802,7.1,7.18,7.03,7.13,7.08,0.05,0.71,16164.6,11484.68
3888,600893.SH,20020801,6.85,7.15,6.85,7.08,6.88,0.2,2.91,20218.58,14176.009
3889,600893.SH,20020731,6.9,7.04,6.86,6.88,6.97,-0.09,-1.29,19700.05,13672.358
3890,600893.SH,20020730,7.01,7.25,6.95,6.97,7.0,-0.03,-0.43,65987.1,46889.699
3891,600893.SH,20020729,6.73,7.0,6.72,7.0,6.73,0.27,4.01,25955.92,17887.685
3892,600893.SH,20020726,6.66,6.75,6.66,6.73,6.68,0.05,0.75,5639.0,3783.846
3893,600893.SH,20020725,6.75,6.78,6.66,6.68,6.72,-0.04,-0.6,7437.98,4994.222
3894,600893.SH,20020724,6.68,6.75,6.64,6.72,6.68,0.04,0.6,10149.53,6790.179
3895,600893.SH,20020723,6.78,6.88,6.65,6.68,6.83,-0.15,-2.2,18829.05,12691.118
3896,600893.SH,20020722,6.99,7.06,6.78,6.83,6.95,-0.12,-1.73,23660.93,16454.169
3897,600893.SH,20020719,6.84,6.98,6.76,6.95,6.84,0.11,1.61,26481.48,18254.447
3898,600893.SH,20020718,6.9,6.92,6.81,6.84,6.88,-0.04,-0.58,18954.4,12992.979
3899,600893.SH,20020717,6.83,6.92,6.77,6.88,6.86,0.02,0.29,19795.55,13577.283
3900,600893.SH,20020716,6.82,6.88,6.7,6.86,6.82,0.04,0.59,20059.11,13632.574
3901,600893.SH,20020715,6.7,6.89,6.7,6.82,6.69,0.13,1.94,34774.76,23735.175
3902,600893.SH,20020712,6.5,6.78,6.48,6.69,6.48,0.21,3.24,29956.01,20041.703
3903,600893.SH,20020711,6.45,6.56,6.41,6.48,6.47,0.01,0.15,7468.79,4846.098
3904,600893.SH,20020710,6.61,6.62,6.46,6.47,6.62,-0.15,-2.27,9902.15,6474.807
3905,600893.SH,20020709,6.6,6.64,6.51,6.62,6.6,0.02,0.3,13137.23,8653.476
3906,600893.SH,20020708,6.48,6.6,6.47,6.6,6.46,0.14,2.17,14550.26,9497.427
3907,600893.SH,20020705,6.3,6.49,6.3,6.46,6.34,0.12,1.89,8865.69,5697.448
3908,600893.SH,20020704,6.48,6.48,6.31,6.34,6.49,-0.15,-2.31,8988.5,5744.598
3909,600893.SH,20020703,6.36,6.5,6.36,6.49,6.35,0.14,2.2,12856.01,8302.265
3910,600893.SH,20020702,6.21,6.36,6.21,6.35,6.28,0.07,1.11,6438.45,4069.828
3911,600893.SH,20020701,6.46,6.53,6.26,6.28,6.56,-0.28,-4.27,13334.61,8421.139
3912,600893.SH,20020627,6.55,6.7,6.48,6.56,6.54,0.02,0.31,24888.15,16396.899
3913,600893.SH,20020626,6.45,6.54,6.32,6.54,6.49,0.05,0.77,22808.89,14684.647
3914,600893.SH,20020625,6.67,6.8,6.43,6.49,6.51,-0.02,-0.31,43863.77,29059.275
3915,600893.SH,20020624,6.51,6.51,6.38,6.51,6.2,0.31,5.0,42714.1,27740.79
3916,600893.SH,20020621,6.0,6.23,6.0,6.2,5.98,0.22,3.68,18318.95,11307.123
3917,600893.SH,20020620,5.88,6.1,5.88,5.98,5.97,0.01,0.17,4872.9,2942.158
3918,600893.SH,20020619,6.05,6.09,5.96,5.97,6.05,-0.08,-1.32,5513.99,3313.064
3919,600893.SH,20020618,6.01,6.1,6.0,6.05,5.92,0.13,2.2,6295.9,3814.71
3920,600893.SH,20020617,5.72,5.95,5.7,5.92,5.84,0.08,1.37,4222.39,2472.524
3921,600893.SH,20020614,5.98,6.01,5.82,5.84,6.02,-0.18,-2.99,8431.0,4984.471
3922,600893.SH,20020613,6.07,6.18,6.01,6.02,6.12,-0.1,-1.63,5083.0,3088.671
3923,600893.SH,20020612,6.15,6.18,6.02,6.12,6.19,-0.07,-1.13,7736.06,4699.478
3924,600893.SH,20020611,6.13,6.21,6.01,6.19,6.14,0.05,0.81,8139.43,5007.178
3925,600893.SH,20020610,6.08,6.25,6.0,6.14,6.09,0.05,0.82,10730.92,6565.966
3926,600893.SH,20020607,6.04,6.21,5.88,6.09,5.97,0.12,2.01,19902.0,12118.619
3927,600893.SH,20020606,5.69,5.97,5.5,5.97,5.69,0.28,4.92,26003.55,15188.737
3928,600893.SH,20020605,6.0,6.0,5.69,5.69,5.99,-0.3,-5.01,14440.89,8297.807
3929,600893.SH,20020604,5.92,6.04,5.88,5.99,5.93,0.06,1.01,10848.06,6457.961
3930,600893.SH,20020603,6.17,6.17,5.92,5.93,6.23,-0.3,-4.82,18341.5,11046.324
3931,600893.SH,20020531,6.36,6.41,6.2,6.23,6.33,-0.1,-1.58,8837.89,5585.365
3932,600893.SH,20020530,6.29,6.39,6.19,6.33,6.26,0.07,1.12,9574.99,6020.381
3933,600893.SH,20020529,6.58,6.58,6.25,6.26,6.58,-0.32,-4.86,18581.13,11761.597
3934,600893.SH,20020528,6.61,6.67,6.55,6.58,6.61,-0.03,-0.45,7848.81,5204.444
3935,600893.SH,20020527,6.57,6.67,6.44,6.61,6.57,0.04,0.61,8964.55,5878.127
3936,600893.SH,20020524,6.44,6.69,6.43,6.57,6.46,0.11,1.7,16074.07,10578.727
3937,600893.SH,20020523,6.41,6.58,6.41,6.46,6.4,0.06,0.94,10057.34,6531.915
3938,600893.SH,20020522,6.69,6.69,6.38,6.4,6.69,-0.29,-4.33,18018.2,11782.692
3939,600893.SH,20020521,6.57,6.71,6.41,6.69,6.44,0.25,3.88,32617.07,21499.698
3940,600893.SH,20020520,6.08,6.45,5.95,6.44,6.14,0.3,4.89,24197.73,15080.09
3941,600893.SH,20020517,6.09,6.25,5.88,6.14,6.16,-0.02,-0.32,19257.19,11671.541
3942,600893.SH,20020516,6.41,6.46,6.16,6.16,6.48,-0.32,-4.94,20995.53,13134.63
3943,600893.SH,20020515,6.72,6.72,6.4,6.48,6.73,-0.25,-3.71,22462.09,14682.143
3944,600893.SH,20020514,6.73,6.85,6.62,6.73,6.75,-0.02,-0.3,22111.38,14823.427
3945,600893.SH,20020513,6.85,7.02,6.65,6.75,6.69,0.06,0.9,39260.87,26823.734
3946,600893.SH,20020509,6.77,6.97,6.67,6.69,6.64,0.05,0.75,82847.59,56602.66
3947,600893.SH,20020508,6.42,6.64,6.37,6.64,6.32,0.32,5.06,38261.67,25234.441
3948,600893.SH,20020430,6.48,6.5,6.23,6.32,6.19,0.13,2.1,25855.78,16406.267
3949,600893.SH,20020429,6.1,6.28,6.1,6.19,6.05,0.14,2.31,27625.54,17178.222
3950,600893.SH,20020426,5.89,6.13,5.89,6.05,5.97,0.08,1.34,15934.72,9653.845
3951,600893.SH,20020425,5.67,6.06,5.67,5.97,5.87,0.1,1.7,8680.75,5159.778
3952,600893.SH,20020424,6.02,6.08,5.84,5.87,6.08,-0.21,-3.45,8127.11,4802.936
3953,600893.SH,20020423,6.09,6.11,5.98,6.08,6.09,-0.01,-0.16,10519.4,6363.101
3954,600893.SH,20020422,5.93,6.21,5.85,6.09,6.03,0.06,1.0,22725.19,13900.254
3955,600893.SH,20020419,5.72,6.03,5.66,6.03,5.74,0.29,5.05,15477.54,9022.559
3956,600893.SH,20020418,6.01,6.09,5.72,5.74,6.0,-0.26,-4.33,14447.52,8455.004
3957,600893.SH,20020417,6.1,6.13,5.91,6.0,6.08,-0.08,-1.32,10907.41,6537.685
3958,600893.SH,20020416,6.11,6.18,6.05,6.08,6.11,-0.03,-0.49,6739.39,4099.127
3959,600893.SH,20020415,6.12,6.2,6.04,6.11,6.12,-0.01,-0.16,9950.34,6083.955
3960,600893.SH,20020412,6.03,6.21,6.03,6.12,6.06,0.06,0.99,14896.33,9170.116
3961,600893.SH,20020411,6.14,6.29,6.05,6.06,6.14,-0.08,-1.3,21784.49,13453.561
3962,600893.SH,20020410,6.14,6.18,6.1,6.14,6.14,0.0,0.0,12802.68,7866.245
3963,600893.SH,20020409,6.0,6.19,5.97,6.14,6.0,0.14,2.33,15701.77,9523.506
3964,600893.SH,20020408,5.93,6.08,5.91,6.0,5.94,0.06,1.01,11285.18,6764.894
3965,600893.SH,20020405,6.07,6.08,5.78,5.94,6.08,-0.14,-2.3,12181.26,7227.214
3966,600893.SH,20020404,5.84,6.08,5.76,6.08,5.85,0.23,3.93,12598.48,7503.937
3967,600893.SH,20020403,5.7,5.86,5.7,5.85,5.75,0.1,1.74,10057.23,5836.859
3968,600893.SH,20020402,5.85,5.95,5.65,5.75,5.87,-0.12,-2.04,12048.05,6973.49
3969,600893.SH,20020401,5.66,5.89,5.6,5.87,5.82,0.05,0.86,14349.36,8235.927
3970,600893.SH,20020329,6.12,6.12,5.82,5.82,6.13,-0.31,-5.06,20260.76,11954.76
3971,600893.SH,20020328,6.16,6.24,6.08,6.13,6.15,-0.02,-0.33,11545.49,7132.834
3972,600893.SH,20020327,6.18,6.21,6.0,6.15,6.14,0.01,0.16,17185.6,10455.012
3973,600893.SH,20020326,6.23,6.38,6.1,6.14,6.2,-0.06,-0.97,35302.27,22046.884
3974,600893.SH,20020325,5.93,6.2,5.93,6.2,5.9,0.3,5.08,32930.5,20160.51
3975,600893.SH,20020322,5.82,5.94,5.78,5.9,5.85,0.05,0.85,14196.09,8333.821
3976,600893.SH,20020321,5.9,5.99,5.77,5.85,5.92,-0.07,-1.18,17073.85,10034.416
3977,600893.SH,20020320,5.66,5.92,5.66,5.92,5.64,0.28,4.96,28115.5,16487.841
3978,600893.SH,20020319,5.47,5.65,5.45,5.64,5.48,0.16,2.92,13857.07,7697.047
3979,600893.SH,20020318,5.5,5.69,5.41,5.48,5.63,-0.15,-2.66,14087.61,7817.762
3980,600893.SH,20020315,5.83,5.98,5.61,5.63,5.89,-0.26,-4.41,14590.42,8506.469
3981,600893.SH,20020314,5.55,5.92,5.55,5.89,5.64,0.25,4.43,20701.56,11892.43
3982,600893.SH,20020313,5.8,6.03,5.6,5.64,5.82,-0.18,-3.09,34902.9,20168.129
3983,600893.SH,20020312,6.06,6.16,5.81,5.82,5.91,-0.09,-1.52,45586.01,27460.69
3984,600893.SH,20020311,5.7,5.91,5.65,5.91,5.63,0.28,4.97,48843.2,28532.464
3985,600893.SH,20020308,5.5,5.67,5.48,5.63,5.46,0.17,3.11,39633.22,22076.043
3986,600893.SH,20020307,5.33,5.48,5.31,5.46,5.34,0.12,2.25,26754.7,14504.318
3987,600893.SH,20020306,5.2,5.44,5.16,5.34,5.18,0.16,3.09,37935.91,20226.275
3988,600893.SH,20020305,5.1,5.27,5.1,5.18,5.1,0.08,1.57,19466.95,10092.385
3989,600893.SH,20020304,4.9,5.19,4.85,5.1,5.11,-0.01,-0.2,20007.18,10006.426
3990,600893.SH,20020301,5.3,5.36,5.11,5.11,5.38,-0.27,-5.02,18158.69,9356.386
3991,600893.SH,20020228,5.27,5.5,5.1,5.38,5.27,0.11,2.09,29115.52,15472.566
3992,600893.SH,20020227,5.3,5.37,5.15,5.27,5.29,-0.02,-0.38,21717.99,11414.419
3993,600893.SH,20020226,5.05,5.29,5.04,5.29,5.04,0.25,4.96,34584.56,17906.792
3994,600893.SH,20020225,4.98,5.04,4.84,5.04,4.8,0.24,5.0,20373.47,10117.171
3995,600893.SH,20020208,4.8,4.98,4.78,4.8,4.79,0.01,0.21,18843.26,9183.13
3996,600893.SH,20020207,4.56,4.86,4.56,4.79,4.77,0.02,0.42,21081.42,10029.168
3997,600893.SH,20020206,5.0,5.02,4.77,4.77,5.02,-0.25,-4.98,22415.11,10791.871
3998,600893.SH,20020205,4.85,5.05,4.82,5.02,4.84,0.18,3.72,29988.85,14835.649
3999,600893.SH,20020204,4.58,4.84,4.55,4.84,4.61,0.23,4.99,22463.83,10727.278
4000,600893.SH,20020201,4.7,4.74,4.52,4.61,4.58,0.03,0.66,28422.68,13224.391
4001,600893.SH,20020131,4.4,4.58,4.37,4.58,4.36,0.22,5.05,34771.99,15752.303
4002,600893.SH,20020130,4.13,4.4,4.1,4.36,4.2,0.16,3.81,25429.97,10895.902
4003,600893.SH,20020129,4.02,4.24,4.02,4.2,4.23,-0.03,-0.71,38629.8,15771.221
4004,600893.SH,20020128,4.38,4.43,4.23,4.23,4.45,-0.22,-4.94,10770.0,4628.972
4005,600893.SH,20020125,4.19,4.48,4.18,4.45,4.27,0.18,4.22,36940.82,16284.341
4006,600893.SH,20020124,3.94,4.27,3.87,4.27,4.07,0.2,4.91,53974.19,22241.518
4007,600893.SH,20020123,3.9,4.16,3.9,4.07,4.11,-0.04,-0.97,42742.44,16917.165
4008,600893.SH,20020122,4.11,4.11,4.11,4.11,4.33,-0.22,-5.08,372.0,152.892
4009,600893.SH,20020121,4.33,4.33,4.33,4.33,4.56,-0.23,-5.04,290.0,125.57
4010,600893.SH,20020118,4.56,4.56,4.56,4.56,4.8,-0.24,-5.0,3681.0,1678.536
4011,600893.SH,20020117,4.8,4.92,4.8,4.8,5.05,-0.25,-4.95,11601.7,5599.508
4012,600893.SH,20020116,5.05,5.15,5.05,5.05,5.32,-0.27,-5.08,12105.66,6124.753
4013,600893.SH,20020115,5.4,5.5,5.32,5.32,5.6,-0.28,-5.0,7665.05,4093.627
4014,600893.SH,20020114,5.64,5.75,5.6,5.6,5.89,-0.29,-4.92,6434.86,3615.633
4015,600893.SH,20020111,6.2,6.22,5.89,5.89,6.2,-0.31,-5.0,7985.4,4797.739
4016,600893.SH,20020110,6.1,6.3,5.9,6.2,6.21,-0.01,-0.16,10628.82,6423.201
4017,600893.SH,20020109,6.33,6.37,6.18,6.21,6.34,-0.13,-2.05,6385.84,3992.845
4018,600893.SH,20020108,6.4,6.51,6.31,6.34,6.45,-0.11,-1.71,4244.04,2713.561
4019,600893.SH,20020107,6.7,6.72,6.45,6.45,6.67,-0.22,-3.3,5474.27,3578.103
4020,600893.SH,20020104,6.54,6.84,6.45,6.67,6.53,0.14,2.14,10335.6,6905.468
4021,600893.SH,20011231,6.33,6.6,6.21,6.53,6.33,0.2,3.16,7271.8,4694.907
4022,600893.SH,20011228,6.42,6.5,6.18,6.33,6.42,-0.09,-1.4,7836.53,4940.014
4023,600893.SH,20011227,6.6,6.69,6.4,6.42,6.64,-0.22,-3.31,7896.33,5155.044
4024,600893.SH,20011226,6.4,6.73,6.35,6.64,6.41,0.23,3.59,10222.61,6777.025
4025,600893.SH,20011225,6.31,6.58,6.04,6.41,6.36,0.05,0.79,8489.42,5443.308
4026,600893.SH,20011224,6.68,6.69,6.36,6.36,6.69,-0.33,-4.93,14048.77,9026.54
4027,600893.SH,20011221,6.88,6.89,6.6,6.69,6.95,-0.26,-3.74,20082.25,13316.292
4028,600893.SH,20011220,7.3,7.3,6.95,6.95,7.32,-0.37,-5.05,11021.0,7777.692
4029,600893.SH,20011219,7.45,7.47,7.26,7.32,7.42,-0.1,-1.35,4928.7,3627.959
4030,600893.SH,20011218,7.5,7.55,7.25,7.42,7.43,-0.01,-0.13,6998.51,5128.902
4031,600893.SH,20011217,7.38,7.55,7.3,7.43,7.42,0.01,0.13,7156.05,5299.011
4032,600893.SH,20011214,7.49,7.69,7.22,7.42,7.6,-0.18,-2.37,13688.66,10145.228
4033,600893.SH,20011213,7.95,8.02,7.6,7.6,8.0,-0.4,-5.0,16767.7,12931.2
4034,600893.SH,20011212,7.91,8.15,7.91,8.0,8.0,0.0,0.0,7835.98,6309.76
4035,600893.SH,20011211,7.89,8.05,7.85,8.0,7.89,0.11,1.39,6047.6,4826.341
4036,600893.SH,20011210,7.74,7.93,7.74,7.89,7.85,0.04,0.51,6435.01,5051.973
4037,600893.SH,20011207,8.06,8.08,7.85,7.85,8.06,-0.21,-2.61,9163.62,7270.444
4038,600893.SH,20011206,7.9,8.15,7.83,8.06,8.03,0.03,0.37,17182.75,13673.265
4039,600893.SH,20011205,8.03,8.27,8.03,8.03,8.45,-0.42,-4.97,42283.08,34194.735
4040,600893.SH,20011204,8.45,8.5,8.33,8.45,8.45,0.0,0.0,7947.59,6675.617
4041,600893.SH,20011203,8.4,8.54,8.35,8.45,8.43,0.02,0.24,11283.68,9524.403
4042,600893.SH,20011130,8.38,8.56,8.3,8.43,8.34,0.09,1.08,12013.08,10147.527
4043,600893.SH,20011129,8.39,8.4,8.26,8.34,8.39,-0.05,-0.6,7793.5,6487.879
4044,600893.SH,20011128,8.33,8.45,8.31,8.39,8.33,0.06,0.72,8270.49,6937.774
4045,600893.SH,20011127,8.36,8.39,8.27,8.33,8.39,-0.06,-0.72,5974.19,4967.344
4046,600893.SH,20011126,8.3,8.4,8.26,8.39,8.29,0.1,1.21,6207.09,5163.097
4047,600893.SH,20011123,8.45,8.45,8.28,8.29,8.38,-0.09,-1.07,5357.1,4460.359
4048,600893.SH,20011122,8.2,8.4,8.18,8.38,8.22,0.16,1.95,9502.39,7897.271
4049,600893.SH,20011121,8.27,8.3,8.16,8.22,8.21,0.01,0.12,6767.61,5557.22
4050,600893.SH,20011120,8.15,8.34,8.15,8.21,8.08,0.13,1.61,11364.27,9344.312
4051,600893.SH,20011119,7.9,8.1,7.83,8.08,7.93,0.15,1.89,4334.25,3468.721
4052,600893.SH,20011116,8.26,8.26,7.91,7.93,7.87,0.06,0.76,10609.34,8588.11
4053,600893.SH,20011115,7.92,8.02,7.8,7.87,7.91,-0.04,-0.51,2908.3,2284.342
4054,600893.SH,20011114,7.74,8.11,7.74,7.91,7.88,0.03,0.38,2841.0,2269.603
4055,600893.SH,20011113,8.08,8.1,7.85,7.88,8.08,-0.2,-2.48,5308.0,4232.509
4056,600893.SH,20011112,7.8,8.16,7.76,8.08,7.8,0.28,3.59,8720.1,6929.196
4057,600893.SH,20011109,7.66,7.96,7.66,7.8,7.66,0.14,1.83,7623.98,5979.535
4058,600893.SH,20011108,7.65,7.9,7.52,7.66,7.85,-0.19,-2.42,12642.28,9700.627
4059,600893.SH,20011107,8.21,8.39,7.85,7.85,8.26,-0.41,-4.96,22374.32,18076.309
4060,600893.SH,20011106,8.39,8.49,8.25,8.26,8.43,-0.17,-2.02,9111.5,7624.832
4061,600893.SH,20011105,8.62,8.69,8.4,8.43,8.6,-0.17,-1.98,7607.22,6464.248
4062,600893.SH,20011102,8.55,8.72,8.46,8.6,8.58,0.02,0.23,9270.11,7958.352
4063,600893.SH,20011101,8.55,8.85,8.53,8.58,8.52,0.06,0.7,13405.44,11602.311
4064,600893.SH,20011031,8.52,8.67,8.44,8.52,8.65,-0.13,-1.5,10304.84,8797.448
4065,600893.SH,20011030,8.6,8.9,8.56,8.65,8.64,0.01,0.12,27230.68,23807.694
4066,600893.SH,20011029,8.28,8.75,8.28,8.64,8.37,0.27,3.23,23826.27,20480.084
4067,600893.SH,20011026,8.45,8.55,8.17,8.37,8.45,-0.08,-0.95,16834.83,13982.691
4068,600893.SH,20011025,8.3,8.7,8.25,8.45,8.3,0.15,1.81,42451.57,36337.593
4069,600893.SH,20011024,8.59,8.62,8.16,8.3,8.32,-0.02,-0.24,45388.5,38167.229
4070,600893.SH,20011023,8.2,8.32,8.08,8.32,7.92,0.4,5.05,28379.42,23513.62
4071,600893.SH,20011019,8.2,8.29,7.92,7.92,8.34,-0.42,-5.04,23147.7,18468.403
4072,600893.SH,20011018,8.14,8.54,8.13,8.34,8.2,0.14,1.71,17731.78,14860.928
4073,600893.SH,20011017,8.29,8.31,8.11,8.2,8.29,-0.09,-1.09,7216.5,5914.417
4074,600893.SH,20011016,8.42,8.54,8.26,8.29,8.38,-0.09,-1.07,14931.0,12500.051
4075,600893.SH,20011015,8.48,8.49,8.15,8.38,8.42,-0.04,-0.48,19659.26,16376.245
4076,600893.SH,20011012,8.18,8.55,8.03,8.42,8.15,0.27,3.31,33823.83,28245.912
4077,600893.SH,20011011,8.1,8.28,7.85,8.15,8.26,-0.11,-1.33,29603.18,23854.853
4078,600893.SH,20011010,7.9,8.54,7.8,8.26,8.13,0.13,1.6,68262.4,57111.429
4079,600893.SH,20011008,8.39,8.39,8.09,8.13,8.07,0.06,0.74,40344.46,33229.667
4080,600893.SH,20010928,7.62,8.07,7.62,8.07,7.34,0.73,9.95,26293.39,20931.469
4081,600893.SH,20010927,7.4,7.5,7.28,7.34,7.4,-0.06,-0.81,4287.75,3170.427
4082,600893.SH,20010926,7.55,7.61,7.38,7.4,7.6,-0.2,-2.63,2892.26,2154.022
4083,600893.SH,20010925,7.48,7.75,7.46,7.6,7.4,0.2,2.7,10608.13,8050.144
4084,600893.SH,20010924,7.38,7.4,7.26,7.4,7.4,0.0,0.0,1905.5,1397.122
4085,600893.SH,20010921,7.42,7.42,7.35,7.4,7.42,-0.02,-0.27,2345.69,1731.762
4086,600893.SH,20010920,7.57,7.6,7.4,7.42,7.55,-0.13,-1.72,1488.0,1119.26
4087,600893.SH,20010919,7.48,7.57,7.28,7.55,7.4,0.15,2.03,3877.09,2865.26
4088,600893.SH,20010918,7.4,7.68,7.39,7.4,7.44,-0.04,-0.54,3139.04,2342.767
4089,600893.SH,20010917,7.7,7.8,7.38,7.44,7.72,-0.28,-3.63,5620.86,4219.257
4090,600893.SH,20010914,8.2,8.2,7.7,7.72,7.77,-0.05,-0.64,4917.61,3850.006
4091,600893.SH,20010913,7.85,7.9,7.76,7.77,7.85,-0.08,-1.02,2358.0,1842.603
4092,600893.SH,20010912,7.66,7.9,7.66,7.85,7.99,-0.14,-1.75,4562.18,3555.477
4093,600893.SH,20010911,8.04,8.09,7.95,7.99,8.04,-0.05,-0.62,2663.53,2133.271
4094,600893.SH,20010910,7.65,8.05,7.65,8.04,7.8,0.24,3.08,3399.28,2699.533
4095,600893.SH,20010907,8.0,8.05,7.8,7.8,8.04,-0.24,-2.99,3687.0,2904.938
4096,600893.SH,20010906,8.08,8.12,8.02,8.04,8.07,-0.03,-0.37,1296.51,1046.525
4097,600893.SH,20010905,8.13,8.25,8.0,8.07,8.1,-0.03,-0.37,4023.9,3268.474
4098,600893.SH,20010904,7.83,8.11,7.83,8.1,7.83,0.27,3.45,2600.8,2075.075
4099,600893.SH,20010903,7.81,7.95,7.8,7.83,7.95,-0.12,-1.51,1623.1,1272.983
4100,600893.SH,20010831,7.9,8.07,7.86,7.95,7.95,0.0,0.0,1296.94,1035.805
4101,600893.SH,20010830,7.93,8.01,7.9,7.95,8.02,-0.07,-0.87,1382.7,1100.612
4102,600893.SH,20010829,8.05,8.15,8.0,8.02,8.05,-0.03,-0.37,2861.0,2314.179
4103,600893.SH,20010828,7.78,8.08,7.7,8.05,7.81,0.24,3.07,3684.17,2877.957
4104,600893.SH,20010827,8.08,8.08,7.77,7.81,8.1,-0.29,-3.58,5971.5,4709.206
4105,600893.SH,20010824,8.18,8.28,8.05,8.1,8.18,-0.08,-0.98,2156.0,1755.222
4106,600893.SH,20010823,8.1,8.24,8.03,8.18,8.12,0.06,0.74,2427.05,1979.075
4107,600893.SH,20010822,8.33,8.35,8.04,8.12,8.36,-0.24,-2.87,6504.18,5290.419
4108,600893.SH,20010821,8.44,8.48,8.36,8.36,8.35,0.01,0.12,1638.27,1377.748
4109,600893.SH,20010820,8.29,8.4,8.28,8.35,8.28,0.07,0.85,2718.91,2259.594
4110,600893.SH,20010817,8.35,8.4,8.26,8.28,8.37,-0.09,-1.08,5060.02,4203.798
4111,600893.SH,20010816,8.5,8.61,8.35,8.37,8.48,-0.11,-1.3,2913.31,2465.388
4112,600893.SH,20010815,8.42,8.57,8.4,8.48,8.42,0.06,0.71,3252.24,2755.222
4113,600893.SH,20010814,8.5,8.59,8.34,8.42,8.5,-0.08,-0.94,2759.1,2335.195
4114,600893.SH,20010813,8.4,8.6,8.4,8.5,8.5,0.0,0.0,3348.0,2855.428
4115,600893.SH,20010810,8.39,8.62,8.39,8.5,8.41,0.09,1.07,4646.99,3957.818
4116,600893.SH,20010809,8.25,8.42,8.2,8.41,8.2,0.21,2.56,2870.96,2395.904
4117,600893.SH,20010808,8.25,8.38,8.19,8.2,8.25,-0.05,-0.61,2015.6,1663.612
4118,600893.SH,20010807,8.01,8.39,8.01,8.25,8.13,0.12,1.48,2740.17,2249.878
4119,600893.SH,20010806,8.5,8.5,7.88,8.13,8.5,-0.37,-4.35,6659.27,5394.887
4120,600893.SH,20010803,8.46,8.52,8.31,8.5,8.46,0.04,0.47,3195.69,2691.033
4121,600893.SH,20010802,8.3,8.46,8.0,8.46,8.46,0.0,0.0,4458.73,3667.592
4122,600893.SH,20010801,8.3,8.5,8.1,8.46,8.2,0.26,3.17,7814.02,6481.3
4123,600893.SH,20010731,8.3,8.6,8.1,8.2,8.35,-0.15,-1.8,6502.21,5410.98
4124,600893.SH,20010730,9.0,9.0,8.35,8.35,9.0,-0.65,-7.22,8086.26,7036.148
4125,600893.SH,20010727,9.12,9.2,8.93,9.0,9.16,-0.16,-1.75,5301.62,4804.406
4126,600893.SH,20010726,9.37,9.41,9.12,9.16,9.35,-0.19,-2.03,4573.44,4212.648
4127,600893.SH,20010725,9.3,9.43,9.3,9.35,9.36,-0.01,-0.11,2396.48,2244.107
4128,600893.SH,20010724,9.51,9.52,9.28,9.36,9.52,-0.16,-1.68,4689.41,4395.95
4129,600893.SH,20010723,9.43,9.53,9.25,9.52,9.43,0.09,0.95,4159.47,3909.768
4130,600893.SH,20010720,9.41,9.46,9.25,9.43,9.25,0.18,1.95,5236.51,4908.332
4131,600893.SH,20010719,9.3,9.4,9.2,9.25,9.3,-0.05,-0.54,2991.83,2778.854
4132,600893.SH,20010718,9.3,9.38,9.23,9.3,9.3,0.0,0.0,3385.14,3142.91
4133,600893.SH,20010717,9.15,9.32,9.0,9.3,9.08,0.22,2.42,3882.01,3548.892
4134,600893.SH,20010716,9.4,9.42,9.01,9.08,9.22,-0.14,-1.52,4322.6,3938.003
4135,600893.SH,20010713,9.28,9.35,9.19,9.22,9.22,0.0,0.0,3195.83,2957.527
4136,600893.SH,20010712,9.28,9.29,9.19,9.22,9.29,-0.07,-0.75,4442.7,4100.908
4137,600893.SH,20010711,9.45,9.45,9.27,9.29,9.42,-0.13,-1.38,4200.9,3917.757
4138,600893.SH,20010710,9.4,9.48,9.3,9.42,9.26,0.16,1.73,2734.6,2571.554
4139,600893.SH,20010709,9.42,9.48,9.26,9.26,9.42,-0.16,-1.7,5372.0,5025.966
4140,600893.SH,20010706,9.41,9.5,9.4,9.42,9.41,0.01,0.11,4999.92,4715.99
4141,600893.SH,20010705,9.62,9.65,9.4,9.41,9.57,-0.16,-1.67,5690.58,5394.975
4142,600893.SH,20010704,9.78,9.78,9.5,9.57,9.62,-0.05,-0.52,3128.21,2994.3
4143,600893.SH,20010703,9.57,9.63,9.4,9.62,9.6,0.02,0.21,7820.97,7408.576
4144,600893.SH,20010702,9.66,9.84,9.4,9.6,9.65,-0.05,-0.52,8937.52,8598.232
4145,600893.SH,20010629,9.61,9.75,9.6,9.65,9.61,0.04,0.42,5697.11,5487.267
4146,600893.SH,20010628,9.85,9.9,9.6,9.61,9.82,-0.21,-2.14,8875.69,8620.702
4147,600893.SH,20010627,9.86,9.96,9.8,9.82,9.87,-0.05,-0.51,5105.1,5031.513
4148,600893.SH,20010626,9.98,10.0,9.81,9.87,9.95,-0.08,-0.8,6970.07,6889.242
4149,600893.SH,20010625,9.68,10.03,9.67,9.95,9.68,0.27,2.79,11643.33,11520.623
4150,600893.SH,20010622,9.58,9.75,9.58,9.68,9.56,0.12,1.26,4771.95,4620.044
4151,600893.SH,20010621,9.49,9.58,9.4,9.56,9.48,0.08,0.84,5974.39,5676.77
4152,600893.SH,20010620,9.5,9.68,9.46,9.48,9.56,-0.08,-0.84,5717.23,5456.108
4153,600893.SH,20010619,9.48,9.7,9.43,9.56,9.51,0.05,0.53,7965.54,7609.785
4154,600893.SH,20010618,9.94,9.95,9.38,9.51,9.93,-0.42,-4.23,25622.93,24628.221
4155,600893.SH,20010615,9.89,9.98,9.8,9.93,9.9,0.03,0.3,12635.13,12494.182
4156,600893.SH,20010614,10.2,10.2,9.9,9.9,10.21,-0.31,-3.04,18567.7,18660.804
4157,600893.SH,20010613,10.35,10.36,10.15,10.21,10.28,-0.07,-0.68,17206.58,17651.572
4158,600893.SH,20010612,10.13,10.4,10.12,10.28,10.14,0.14,1.38,20209.23,20797.502
4159,600893.SH,20010611,9.98,10.2,9.98,10.14,9.95,0.19,1.91,17426.37,17658.671
4160,600893.SH,20010608,9.87,10.07,9.75,9.95,9.91,0.04,0.4,12465.84,12419.046
4161,600893.SH,20010606,10.12,10.2,9.9,9.91,10.14,-0.23,-2.27,18470.96,18455.27
4162,600893.SH,20010605,10.1,10.4,9.98,10.14,10.2,-0.06,-0.59,20652.7,21144.97
4163,600893.SH,20010604,9.75,10.25,9.61,10.2,9.8,0.4,4.08,27880.98,27804.54
4164,600893.SH,20010601,10.0,10.01,9.7,9.8,10.0,-0.2,-2.0,22134.15,21792.778
4165,600893.SH,20010531,10.1,10.1,9.93,10.0,10.1,-0.1,-0.99,16024.93,16005.021
4166,600893.SH,20010530,9.99,10.1,9.9,10.1,9.95,0.15,1.51,17565.9,17547.091
4167,600893.SH,20010529,10.0,10.17,9.9,9.95,10.05,-0.1,-1.0,15739.68,15800.48
4168,600893.SH,20010528,10.18,10.25,9.9,10.05,10.15,-0.1,-0.99,18290.41,18347.895
4169,600893.SH,20010525,10.27,10.37,10.05,10.15,10.28,-0.13,-1.26,17220.48,17530.816
4170,600893.SH,20010524,10.37,10.43,10.2,10.28,10.37,-0.09,-0.87,28003.17,29030.912
4171,600893.SH,20010523,10.07,10.45,9.95,10.37,10.07,0.3,2.98,50093.92,51085.305
4172,600893.SH,20010522,10.1,10.16,9.91,10.07,10.04,0.03,0.3,32129.02,32294.503
4173,600893.SH,20010521,9.6,10.06,9.6,10.04,9.55,0.49,5.13,38383.82,38025.703
4174,600893.SH,20010518,9.45,9.59,9.35,9.55,9.46,0.09,0.95,13283.36,12562.079
4175,600893.SH,20010517,9.6,9.65,9.43,9.46,9.67,-0.21,-2.17,13777.46,13116.375
4176,600893.SH,20010516,9.7,9.85,9.63,9.67,9.65,0.02,0.21,22300.92,21697.741
4177,600893.SH,20010515,9.34,9.65,9.34,9.65,9.34,0.31,3.32,24879.67,23793.615
4178,600893.SH,20010514,9.4,9.51,9.31,9.34,9.4,-0.06,-0.64,15782.69,14878.829
4179,600893.SH,20010511,9.33,9.5,9.24,9.4,9.31,0.09,0.97,16621.77,15596.364
4180,600893.SH,20010510,9.2,9.4,9.14,9.31,9.18,0.13,1.42,20329.79,18912.798
4181,600893.SH,20010509,9.0,9.2,9.0,9.18,8.94,0.24,2.68,15444.63,14111.103
4182,600893.SH,20010508,8.81,8.96,8.7,8.94,8.75,0.19,2.17,5999.58,5297.449
4183,600893.SH,20010430,8.8,8.89,8.7,8.75,8.8,-0.05,-0.57,3814.37,3341.452
4184,600893.SH,20010427,8.8,8.9,8.76,8.8,8.77,0.03,0.34,3549.8,3127.969
4185,600893.SH,20010426,8.7,8.9,8.7,8.77,8.72,0.05,0.57,5915.4,5200.64
4186,600893.SH,20010425,9.0,9.0,8.71,8.72,9.0,-0.28,-3.11,8692.28,7705.282
4187,600893.SH,20010424,8.91,9.15,8.9,9.0,8.72,0.28,3.21,9783.74,8808.728
4188,600893.SH,20010423,8.67,8.9,8.55,8.72,8.74,-0.02,-0.23,5580.6,4863.971
4189,600893.SH,20010420,8.85,8.92,8.71,8.74,8.85,-0.11,-1.24,13212.5,11654.167
4190,600893.SH,20010419,8.97,9.02,8.83,8.85,8.97,-0.12,-1.34,7929.0,7056.408
4191,600893.SH,20010418,9.12,9.13,8.96,8.97,9.13,-0.16,-1.75,7480.61,6735.036
4192,600893.SH,20010417,8.91,9.2,8.91,9.13,8.94,0.19,2.13,8577.16,7761.118
4193,600893.SH,20010416,8.98,9.03,8.88,8.94,8.98,-0.04,-0.45,11699.47,10445.799
4194,600893.SH,20010413,9.06,9.1,8.97,8.98,9.1,-0.12,-1.32,8336.13,7523.872
4195,600893.SH,20010412,9.24,9.3,9.04,9.1,9.24,-0.14,-1.52,10550.77,9639.41
4196,600893.SH,20010411,9.16,9.31,9.15,9.24,9.17,0.07,0.76,8645.9,7990.904
4197,600893.SH,20010410,9.3,9.31,9.1,9.17,9.31,-0.14,-1.5,9963.51,9176.162
4198,600893.SH,20010409,9.0,9.35,8.82,9.31,9.0,0.31,3.44,18060.9,16622.901
4199,600893.SH,20010406,9.12,9.15,8.98,9.0,9.1,-0.1,-1.1,8393.86,7594.626
4200,600893.SH,20010405,8.88,9.1,8.82,9.1,8.88,0.22,2.48,8643.64,7747.379
4201,600893.SH,20010404,8.88,9.0,8.8,8.88,8.85,0.03,0.34,11239.18,9986.775
4202,600893.SH,20010403,8.93,8.93,8.8,8.85,8.91,-0.06,-0.67,7728.0,6854.666
4203,600893.SH,20010402,9.01,9.08,8.86,8.91,9.01,-0.1,-1.11,9819.39,8750.311
4204,600893.SH,20010330,8.96,9.08,8.84,9.01,8.96,0.05,0.56,6297.33,5623.116
4205,600893.SH,20010329,9.1,9.18,8.95,8.96,9.12,-0.16,-1.75,12461.5,11314.266
4206,600893.SH,20010328,8.91,9.12,8.76,9.12,8.94,0.18,2.01,14733.72,13090.981
4207,600893.SH,20010327,8.99,9.15,8.8,8.94,9.14,-0.2,-2.19,21835.67,19593.114
4208,600893.SH,20010326,8.82,9.18,8.76,9.14,8.81,0.33,3.75,20394.83,18325.223
4209,600893.SH,20010323,8.7,8.81,8.51,8.81,8.7,0.11,1.26,15065.77,13042.865
4210,600893.SH,20010322,8.8,8.84,8.68,8.7,8.8,-0.1,-1.14,10333.6,9042.736
4211,600893.SH,20010321,8.8,8.85,8.75,8.8,8.79,0.01,0.11,8673.46,7623.904
4212,600893.SH,20010320,8.8,8.84,8.7,8.79,8.77,0.02,0.23,6973.4,6111.629
4213,600893.SH,20010319,8.66,8.8,8.6,8.77,8.66,0.11,1.27,9066.62,7894.975
4214,600893.SH,20010316,8.63,8.66,8.48,8.66,8.62,0.04,0.46,7189.06,6143.93
4215,600893.SH,20010315,8.6,8.71,8.58,8.62,8.54,0.08,0.94,9406.36,8118.839
4216,600893.SH,20010314,8.38,8.54,8.37,8.54,8.41,0.13,1.55,6245.27,5309.826
4217,600893.SH,20010313,8.5,8.56,8.38,8.41,8.5,-0.09,-1.06,6336.95,5354.077
4218,600893.SH,20010312,8.27,8.58,8.25,8.5,8.27,0.23,2.78,13224.51,11217.852
4219,600893.SH,20010309,8.25,8.3,8.16,8.27,8.22,0.05,0.61,5756.66,4743.967
4220,600893.SH,20010308,8.13,8.22,8.0,8.22,8.13,0.09,1.11,6765.02,5489.759
4221,600893.SH,20010307,8.14,8.25,8.08,8.13,8.13,0.0,0.0,5532.25,4511.594
4222,600893.SH,20010306,8.28,8.29,8.0,8.13,8.28,-0.15,-1.81,7457.42,6066.199
4223,600893.SH,20010305,8.3,8.38,8.2,8.28,8.29,-0.01,-0.12,5939.94,4899.463
4224,600893.SH,20010302,8.13,8.29,8.12,8.29,8.11,0.18,2.22,7265.88,5974.379
4225,600893.SH,20010301,8.18,8.24,8.08,8.11,8.18,-0.07,-0.86,6114.21,4977.887
4226,600893.SH,20010228,8.15,8.25,8.08,8.18,8.15,0.03,0.37,2965.84,2419.05
4227,600893.SH,20010227,8.09,8.16,8.0,8.15,8.08,0.07,0.87,4595.27,3718.749
4228,600893.SH,20010226,8.1,8.17,7.92,8.08,8.18,-0.1,-1.22,12736.32,10272.034
4229,600893.SH,20010223,7.8,8.45,7.51,8.18,7.8,0.38,4.87,8581.98,6842.062
4230,600893.SH,20010222,8.08,8.15,7.8,7.8,8.18,-0.38,-4.65,11182.25,8926.587
4231,600893.SH,20010221,8.55,8.55,8.18,8.18,8.55,-0.37,-4.33,11091.62,9231.28
4232,600893.SH,20010220,8.83,8.89,8.45,8.55,8.82,-0.27,-3.06,7685.21,6661.367
4233,600893.SH,20010219,8.61,8.89,8.6,8.82,8.6,0.22,2.56,2917.82,2556.802
4234,600893.SH,20010216,8.6,8.63,8.5,8.6,8.63,-0.03,-0.35,4394.1,3753.799
4235,600893.SH,20010215,8.75,8.8,8.6,8.63,8.75,-0.12,-1.37,3066.27,2670.493
4236,600893.SH,20010214,8.89,8.89,8.7,8.75,8.89,-0.14,-1.57,3150.91,2758.6
4237,600893.SH,20010213,8.8,8.95,8.8,8.89,8.78,0.11,1.25,3722.32,3307.583
4238,600893.SH,20010212,8.8,8.87,8.61,8.78,8.8,-0.02,-0.23,3931.09,3428.115
4239,600893.SH,20010209,8.6,8.8,8.55,8.8,8.47,0.33,3.9,9300.85,8036.298
4240,600893.SH,20010208,8.97,8.97,8.43,8.47,8.97,-0.5,-5.57,10177.44,8815.88
4241,600893.SH,20010207,9.2,9.25,8.96,8.97,9.17,-0.2,-2.18,6871.29,6223.016
4242,600893.SH,20010206,9.1,9.19,9.0,9.17,9.23,-0.06,-0.65,10311.07,9362.95
4243,600893.SH,20010205,9.6,9.68,9.2,9.23,9.52,-0.29,-3.05,7976.07,7518.168
4244,600893.SH,20010119,9.55,9.7,9.5,9.52,9.5,0.02,0.21,8021.53,7712.674
4245,600893.SH,20010118,9.19,9.6,9.16,9.5,9.34,0.16,1.71,12251.61,11602.379
4246,600893.SH,20010117,9.6,9.7,9.33,9.34,9.6,-0.26,-2.71,10039.53,9474.024
4247,600893.SH,20010116,9.5,9.75,9.32,9.6,9.72,-0.12,-1.23,12543.04,11977.541
4248,600893.SH,20010115,10.1,10.1,9.7,9.72,10.16,-0.44,-4.33,17834.57,17645.158
4249,600893.SH,20010112,10.3,10.3,10.1,10.16,10.25,-0.09,-0.88,10982.75,11161.566
4250,600893.SH,20010111,10.45,10.58,10.25,10.25,10.4,-0.15,-1.44,27282.88,28410.25
4251,600893.SH,20010110,10.16,10.4,10.05,10.4,10.16,0.24,2.36,18485.63,18783.748
4252,600893.SH,20010109,10.2,10.3,10.01,10.16,10.24,-0.08,-0.78,17348.53,17604.159
4253,600893.SH,20010108,10.55,10.59,10.1,10.24,10.55,-0.31,-2.94,21385.72,21935.292
4254,600893.SH,20010105,10.58,10.6,10.41,10.55,10.58,-0.03,-0.28,15031.97,15783.268
4255,600893.SH,20010104,10.33,10.65,10.3,10.58,10.33,0.25,2.42,22699.08,23948.775
4256,600893.SH,20010103,10.38,10.45,10.1,10.33,10.34,-0.01,-0.1,26871.84,27601.294
4257,600893.SH,20010102,10.28,10.38,10.05,10.34,10.26,0.08,0.78,21203.65,21652.962
4258,600893.SH,20001229,10.28,10.5,10.25,10.26,10.26,0.0,0.0,10439.83,10792.297
4259,600893.SH,20001228,10.3,10.45,10.09,10.26,10.25,0.01,0.1,14284.75,14682.52
4260,600893.SH,20001227,10.8,10.82,10.2,10.25,10.78,-0.53,-4.92,21848.0,22907.172
4261,600893.SH,20001226,10.84,10.9,10.65,10.78,10.84,-0.06,-0.55,14746.26,15850.323
4262,600893.SH,20001225,10.88,11.1,10.69,10.84,10.8,0.04,0.37,28836.16,31426.716
4263,600893.SH,20001222,10.43,10.82,10.4,10.8,10.43,0.37,3.55,35173.81,37529.281
4264,600893.SH,20001221,10.23,10.43,10.21,10.43,10.3,0.13,1.26,13112.2,13495.86
4265,600893.SH,20001220,10.38,10.45,10.17,10.3,10.31,-0.01,-0.1,10720.55,10983.098
4266,600893.SH,20001219,10.39,10.65,10.28,10.31,10.39,-0.08,-0.77,17424.56,18288.964
4267,600893.SH,20001218,10.07,10.42,9.95,10.39,10.08,0.31,3.08,12849.75,13036.335
4268,600893.SH,20001215,10.22,10.32,10.02,10.08,10.22,-0.14,-1.37,10129.72,10223.126
4269,600893.SH,20001214,10.35,10.55,10.18,10.22,10.37,-0.15,-1.45,13718.46,14216.485
4270,600893.SH,20001213,10.28,10.58,10.15,10.37,10.28,0.09,0.88,18999.4,19709.025
4271,600893.SH,20001212,9.88,10.28,9.8,10.28,9.88,0.4,4.05,24082.53,24189.155
4272,600893.SH,20001211,10.13,10.32,9.85,9.88,10.14,-0.26,-2.56,23042.07,23256.361
4273,600893.SH,20001208,10.2,10.4,10.08,10.14,10.23,-0.09,-0.88,25471.87,25957.357
4274,600893.SH,20001207,10.6,10.66,10.2,10.23,10.67,-0.44,-4.12,34008.61,35186.713
4275,600893.SH,20001206,10.55,11.0,10.4,10.67,10.58,0.09,0.85,42819.0,45733.193
4276,600893.SH,20001205,10.89,10.95,10.5,10.58,10.9,-0.32,-2.94,38332.49,40708.103
4277,600893.SH,20001204,10.8,11.16,10.8,10.9,10.8,0.1,0.93,40025.12,44158.026
4278,600893.SH,20001201,10.98,10.99,10.64,10.8,10.88,-0.08,-0.74,43550.16,46859.871
4279,600893.SH,20001130,10.6,11.0,10.55,10.88,10.53,0.35,3.32,62864.52,68273.232
4280,600893.SH,20001129,10.6,10.79,10.38,10.53,10.6,-0.07,-0.66,79308.82,84012.162
4281,600893.SH,20001128,9.96,10.75,9.83,10.6,9.88,0.72,7.29,101426.49,104950.562
4282,600893.SH,20001127,9.53,10.0,9.5,9.88,9.51,0.37,3.89,54052.92,52931.207
4283,600893.SH,20001124,10.0,10.09,9.35,9.51,9.96,-0.45,-4.52,74258.4,72948.232
4284,600893.SH,20001123,10.0,10.14,9.65,9.96,9.89,0.07,0.71,88720.03,88378.343
4285,600893.SH,20001122,9.48,10.2,9.48,9.89,9.48,0.41,4.32,125663.54,125410.276
4286,600893.SH,20001121,9.56,9.89,9.45,9.48,9.61,-0.13,-1.35,79713.11,77111.925
4287,600893.SH,20001120,8.9,9.68,8.9,9.61,8.93,0.68,7.61,91726.18,85839.257
4288,600893.SH,20001117,8.9,9.05,8.82,8.93,8.89,0.04,0.45,36750.0,32869.486
4289,600893.SH,20001116,8.55,9.1,8.53,8.89,8.55,0.34,3.98,67350.0,59915.552
4290,600893.SH,20001115,8.65,8.67,8.51,8.55,8.6,-0.05,-0.58,14742.0,12655.389
4291,600893.SH,20001114,8.57,8.65,8.45,8.6,8.61,-0.01,-0.12,15195.0,12968.18
4292,600893.SH,20001113,8.66,8.7,8.5,8.61,8.62,-0.01,-0.12,18673.0,16033.732
4293,600893.SH,20001110,8.55,8.69,8.48,8.62,8.56,0.06,0.7,22610.0,19469.013
4294,600893.SH,20001109,8.53,8.58,8.4,8.56,8.53,0.03,0.35,12149.0,10329.292
4295,600893.SH,20001108,8.3,8.55,8.29,8.53,8.29,0.24,2.9,14324.0,12129.102
4296,600893.SH,20001107,8.36,8.37,8.24,8.29,8.31,-0.02,-0.24,7218.0,5982.304
4297,600893.SH,20001106,8.27,8.35,8.22,8.31,8.27,0.04,0.48,7449.0,6170.777
4298,600893.SH,20001103,8.38,8.4,8.25,8.27,8.38,-0.11,-1.31,8453.0,7009.505
4299,600893.SH,20001102,8.5,8.51,8.31,8.38,8.43,-0.05,-0.59,10254.0,8592.692
4300,600893.SH,20001101,8.4,8.5,8.28,8.43,8.4,0.03,0.36,13552.0,11349.411
4301,600893.SH,20001031,8.58,8.75,8.38,8.4,8.58,-0.18,-2.1,18664.0,16030.39
4302,600893.SH,20001030,8.6,8.67,8.5,8.58,8.6,-0.02,-0.23,12501.0,10747.598
4303,600893.SH,20001027,8.47,8.65,8.43,8.6,8.47,0.13,1.53,20022.0,17160.104
4304,600893.SH,20001026,8.42,8.55,8.38,8.47,8.42,0.05,0.59,15295.0,12942.22
4305,600893.SH,20001025,8.48,8.5,8.33,8.42,8.44,-0.02,-0.24,15398.0,12950.492
4306,600893.SH,20001024,8.3,8.55,8.3,8.44,8.31,0.13,1.56,22464.0,18973.805
4307,600893.SH,20001023,8.12,8.34,8.12,8.31,8.12,0.19,2.34,9400.0,7782.766
4308,600893.SH,20001020,8.23,8.3,8.09,8.12,8.23,-0.11,-1.34,10223.0,8321.31
4309,600893.SH,20001019,8.35,8.39,8.22,8.23,8.31,-0.08,-0.96,6997.0,5782.341
4310,600893.SH,20001018,8.22,8.47,8.2,8.31,8.2,0.11,1.34,14304.0,11947.241
4311,600893.SH,20001017,8.2,8.35,8.15,8.2,8.27,-0.07,-0.85,7265.0,5986.818
4312,600893.SH,20001016,8.11,8.37,8.11,8.27,8.21,0.06,0.73,17735.0,14746.976
4313,600893.SH,20001013,7.85,8.39,7.85,8.21,7.85,0.36,4.59,20314.0,16723.026
4314,600893.SH,20001012,7.95,7.96,7.8,7.85,7.96,-0.11,-1.38,6303.0,4978.049
4315,600893.SH,20001011,8.11,8.16,7.95,7.96,8.1,-0.14,-1.73,6118.0,4929.551
4316,600893.SH,20001010,8.0,8.12,7.9,8.1,7.96,0.14,1.76,10696.0,8617.233
4317,600893.SH,20001009,7.69,8.0,7.66,7.96,7.69,0.27,3.51,8374.0,6587.167
4318,600893.SH,20000929,7.52,7.7,7.52,7.69,7.52,0.17,2.26,2470.0,1888.795
4319,600893.SH,20000928,7.73,7.73,7.5,7.52,7.69,-0.17,-2.21,3821.0,2904.376
4320,600893.SH,20000927,7.5,7.7,7.5,7.69,7.53,0.16,2.12,5675.0,4294.983
4321,600893.SH,20000926,7.45,7.65,7.45,7.53,7.5,0.03,0.4,3088.0,2324.199
4322,600893.SH,20000925,7.5,7.75,7.48,7.5,7.68,-0.18,-2.34,3877.0,2936.028
4323,600893.SH,20000922,7.66,7.75,7.58,7.68,7.68,0.0,0.0,3740.0,2872.527
4324,600893.SH,20000921,7.78,7.8,7.66,7.68,7.74,-0.06,-0.78,4877.0,3759.676
4325,600893.SH,20000920,7.66,7.79,7.52,7.74,7.65,0.09,1.18,6336.0,4843.379
4326,600893.SH,20000919,7.95,7.95,7.6,7.65,8.0,-0.35,-4.38,9981.0,7698.929
4327,600893.SH,20000918,8.16,8.19,7.99,8.0,8.15,-0.15,-1.84,6141.0,4952.619
4328,600893.SH,20000915,8.08,8.18,8.02,8.15,8.08,0.07,0.87,7766.0,6278.607
4329,600893.SH,20000914,8.2,8.25,8.05,8.08,8.17,-0.09,-1.1,8204.0,6669.903
4330,600893.SH,20000913,8.19,8.25,8.08,8.17,8.2,-0.03,-0.37,8339.0,6800.705
4331,600893.SH,20000912,8.25,8.25,8.11,8.2,8.19,0.01,0.12,5287.0,4319.195
4332,600893.SH,20000911,8.07,8.19,8.07,8.19,8.05,0.14,1.74,7792.0,6343.804
4333,600893.SH,20000908,8.1,8.1,8.0,8.05,8.07,-0.02,-0.25,6910.0,5561.617
4334,600893.SH,20000907,7.9,8.15,7.9,8.07,7.9,0.17,2.15,9550.0,7682.876
4335,600893.SH,20000906,8.03,8.1,7.85,7.9,8.09,-0.19,-2.35,17054.72,13548.507
4336,600893.SH,20000905,8.45,8.48,8.08,8.09,8.4,-0.31,-3.69,12848.0,10612.736
4337,600893.SH,20000904,8.2,8.41,8.18,8.4,8.14,0.26,3.19,17332.0,14357.833
4338,600893.SH,20000901,8.2,8.4,8.1,8.14,8.32,-0.18,-2.16,26174.0,21552.797
4339,600893.SH,20000831,8.58,8.63,8.3,8.32,8.68,-0.36,-4.15,33202.0,28066.133
4340,600893.SH,20000830,8.98,9.0,8.66,8.68,8.95,-0.27,-3.02,24542.0,21609.308
4341,600893.SH,20000829,9.05,9.06,8.89,8.95,9.04,-0.09,-1.0,24995.0,22437.298
4342,600893.SH,20000828,9.0,9.05,8.8,9.04,8.95,0.09,1.01,36570.0,32786.516
4343,600893.SH,20000825,8.64,9.0,8.64,8.95,8.61,0.34,3.95,44180.0,39106.265
4344,600893.SH,20000824,8.5,8.73,8.38,8.61,8.52,0.09,1.06,35291.0,30388.803
4345,600893.SH,20000823,8.6,8.8,8.02,8.52,8.64,-0.12,-1.39,57052.0,48290.962
4346,600893.SH,20000822,9.03,9.12,8.6,8.64,9.0,-0.36,-4.0,48715.0,43561.973
4347,600893.SH,20000821,8.78,9.09,8.7,9.0,8.58,0.42,4.9,102406.0,91567.574
4348,600893.SH,20000818,8.35,8.59,8.33,8.58,8.35,0.23,2.75,32935.0,27899.831
4349,600893.SH,20000817,8.43,8.5,8.3,8.35,8.43,-0.08,-0.95,18586.0,15623.861
4350,600893.SH,20000816,8.5,8.55,8.36,8.43,8.48,-0.05,-0.59,16267.0,13693.969
4351,600893.SH,20000815,8.38,8.55,8.33,8.48,8.38,0.1,1.19,40646.0,34381.886
4352,600893.SH,20000814,8.33,8.49,8.2,8.38,8.32,0.06,0.72,35215.0,29468.764
4353,600893.SH,20000811,8.13,8.34,8.08,8.32,8.08,0.24,2.97,28520.0,23408.705
4354,600893.SH,20000810,8.18,8.2,7.99,8.08,8.18,-0.1,-1.22,20359.0,16408.444
4355,600893.SH,20000809,8.25,8.33,8.13,8.18,8.25,-0.07,-0.85,21249.0,17460.534
4356,600893.SH,20000808,8.25,8.35,8.16,8.25,8.2,0.05,0.61,36900.0,30508.836
4357,600893.SH,20000807,7.77,8.23,7.75,8.2,7.77,0.43,5.53,20487.0,16376.246
4358,600893.SH,20000804,7.96,8.0,7.76,7.77,7.96,-0.19,-2.39,20382.0,15948.802
4359,600893.SH,20000803,8.0,8.14,7.96,7.96,8.05,-0.09,-1.12,19983.0,16037.676
4360,600893.SH,20000802,8.1,8.15,7.99,8.05,8.1,-0.05,-0.62,17674.0,14217.675
4361,600893.SH,20000801,8.21,8.34,8.02,8.1,8.2,-0.1,-1.22,24435.0,19963.706
4362,600893.SH,20000731,7.92,8.2,7.91,8.2,7.95,0.25,3.14,37366.0,30374.783
4363,600893.SH,20000728,7.88,8.01,7.8,7.95,7.82,0.13,1.66,23762.0,18783.871
4364,600893.SH,20000727,8.03,8.08,7.75,7.82,8.0,-0.18,-2.25,19115.0,15145.475
4365,600893.SH,20000726,7.81,8.06,7.78,8.0,7.81,0.19,2.43,23055.0,18273.262
4366,600893.SH,20000725,7.88,7.91,7.78,7.81,7.87,-0.06,-0.76,10460.0,8180.583
4367,600893.SH,20000724,7.8,7.98,7.75,7.87,7.78,0.09,1.16,17926.0,14146.944
4368,600893.SH,20000721,7.8,7.85,7.69,7.78,7.8,-0.02,-0.26,17496.0,13633.078
4369,600893.SH,20000720,7.55,7.88,7.54,7.8,7.48,0.32,4.28,40150.0,31074.882
4370,600893.SH,20000719,7.42,7.52,7.36,7.48,7.46,0.02,0.27,9607.0,7136.723
4371,600893.SH,20000718,7.35,7.48,7.25,7.46,7.32,0.14,1.91,8534.0,6250.596
4372,600893.SH,20000717,7.44,7.44,7.28,7.32,7.44,-0.12,-1.61,12167.0,8908.317
4373,600893.SH,20000714,7.56,7.6,7.4,7.44,7.54,-0.1,-1.33,10036.0,7492.035
4374,600893.SH,20000713,7.52,7.66,7.48,7.54,7.49,0.05,0.67,16033.0,12115.918
4375,600893.SH,20000712,7.43,7.6,7.36,7.49,7.44,0.05,0.67,14165.0,10565.12
4376,600893.SH,20000711,7.59,7.62,7.4,7.44,7.59,-0.15,-1.98,12294.0,9191.714
4377,600893.SH,20000710,7.45,7.62,7.38,7.59,7.42,0.17,2.29,15800.0,11882.835
4378,600893.SH,20000707,7.3,7.43,7.23,7.42,7.23,0.19,2.63,10209.0,7537.795
4379,600893.SH,20000706,7.37,7.4,7.2,7.23,7.37,-0.14,-1.9,8602.0,6236.974
4380,600893.SH,20000705,7.42,7.44,7.35,7.37,7.42,-0.05,-0.67,10177.0,7520.788
4381,600893.SH,20000704,7.16,7.44,7.14,7.42,7.19,0.23,3.2,11827.0,8625.973
4382,600893.SH,20000703,7.38,7.39,7.18,7.19,7.4,-0.21,-2.84,17102.0,12343.942
4383,600893.SH,20000630,7.38,7.5,7.35,7.4,7.38,0.02,0.27,16795.0,12461.336
4384,600893.SH,20000629,7.6,7.62,7.37,7.38,7.62,-0.24,-3.15,31790.0,23623.841
4385,600893.SH,20000628,7.8,7.84,7.55,7.62,7.77,-0.15,-1.93,27186.0,20777.787
4386,600893.SH,20000627,7.5,7.83,7.42,7.77,7.68,0.09,1.17,47731.0,36675.424
4387,600893.SH,20000626,7.81,8.18,7.64,7.68,8.49,-0.81,-9.54,88481.0,69236.926
4388,600893.SH,20000623,8.37,8.58,8.36,8.49,8.32,0.17,2.04,22482.0,19013.027
4389,600893.SH,20000622,8.23,8.55,8.2,8.32,8.23,0.09,1.09,23815.0,20022.893
4390,600893.SH,20000621,8.16,8.25,8.08,8.23,8.16,0.07,0.86,15568.0,12713.743
4391,600893.SH,20000620,8.14,8.31,8.07,8.16,8.14,0.02,0.25,21148.0,17305.233
4392,600893.SH,20000619,8.14,8.35,8.06,8.14,8.21,-0.07,-0.85,30222.0,24752.312
4393,600893.SH,20000616,8.4,8.67,8.05,8.21,8.68,-0.47,-5.41,44117.0,36956.184
4394,600893.SH,20000614,8.97,9.0,8.63,8.68,8.89,-0.21,-2.36,66690.0,58383.306
4395,600893.SH,20000613,9.18,9.2,8.6,8.89,8.86,0.03,0.34,109689.0,97671.67
4396,600893.SH,20000612,8.1,8.9,8.1,8.86,8.09,0.77,9.52,105863.0,91623.291
4397,600893.SH,20000609,8.56,8.61,8.06,8.09,8.56,-0.47,-5.49,52087.0,43320.188
4398,600893.SH,20000608,8.38,8.68,8.18,8.56,8.38,0.18,2.15,76311.0,63998.702
4399,600893.SH,20000607,7.9,8.45,7.8,8.38,7.87,0.51,6.48,115043.0,94195.049
4400,600893.SH,20000606,7.78,7.94,7.65,7.87,7.77,0.1,1.29,30277.0,23613.97
4401,600893.SH,20000605,7.92,8.2,7.65,7.77,7.85,-0.08,-1.02,72516.0,57947.335
4402,600893.SH,20000602,7.52,7.98,7.46,7.85,7.48,0.37,4.95,81462.0,63611.768
4403,600893.SH,20000601,7.3,7.5,7.29,7.48,7.29,0.19,2.61,15663.0,11623.004
4404,600893.SH,20000531,7.25,7.37,7.2,7.29,7.25,0.04,0.55,11855.0,8640.871
4405,600893.SH,20000530,7.48,7.55,7.2,7.25,7.47,-0.22,-2.95,17124.0,12587.585
4406,600893.SH,20000529,7.38,7.59,7.37,7.47,7.33,0.14,1.91,22218.0,16607.252
4407,600893.SH,20000526,7.5,7.58,7.33,7.33,7.42,-0.09,-1.21,23359.0,17408.459
4408,600893.SH,20000525,7.22,7.48,7.21,7.42,7.21,0.21,2.91,27129.0,19979.301
4409,600893.SH,20000524,7.2,7.29,7.15,7.21,7.13,0.08,1.12,13036.0,9420.66
4410,600893.SH,20000523,7.2,7.22,7.05,7.13,7.17,-0.04,-0.56,12806.0,9117.368
4411,600893.SH,20000522,7.04,7.21,7.03,7.17,7.03,0.14,1.99,15291.0,10900.259
4412,600893.SH,20000519,6.9,7.06,6.88,7.03,6.89,0.14,2.03,14553.0,10156.542
4413,600893.SH,20000518,6.85,6.9,6.73,6.89,6.77,0.12,1.77,6816.0,4648.481
4414,600893.SH,20000517,6.8,6.93,6.72,6.77,6.79,-0.02,-0.29,5494.0,3755.097
4415,600893.SH,20000516,6.78,6.85,6.75,6.79,6.72,0.07,1.04,4452.0,3022.687
4416,600893.SH,20000515,6.65,6.8,6.65,6.72,6.68,0.04,0.6,6326.0,4242.738
4417,600893.SH,20000512,6.87,6.95,6.65,6.68,6.85,-0.17,-2.48,12403.0,8413.605
4418,600893.SH,20000511,6.85,7.0,6.81,6.85,6.85,0.0,0.0,10704.0,7367.079
4419,600893.SH,20000510,7.14,7.14,6.84,6.85,7.18,-0.33,-4.6,14403.0,10028.701
4420,600893.SH,20000509,7.45,7.48,7.15,7.18,7.42,-0.24,-3.23,11063.0,8052.653
4421,600893.SH,20000508,7.36,7.45,7.3,7.42,7.35,0.07,0.95,12673.0,9328.409
4422,600893.SH,20000428,7.31,7.41,7.2,7.35,7.31,0.04,0.55,19277.0,14042.339
4423,600893.SH,20000427,7.6,7.65,7.28,7.31,7.57,-0.26,-3.43,23395.0,17296.767
4424,600893.SH,20000426,7.66,7.85,7.53,7.57,7.66,-0.09,-1.17,15315.0,11747.076
4425,600893.SH,20000425,7.58,7.92,7.52,7.66,7.56,0.1,1.32,28683.0,22140.927
4426,600893.SH,20000424,7.74,7.85,7.48,7.56,7.73,-0.17,-2.2,33157.0,25193.942
4427,600893.SH,20000421,7.85,8.05,7.67,7.73,7.85,-0.12,-1.53,50072.0,39265.587
4428,600893.SH,20000420,7.58,7.95,7.53,7.85,7.57,0.28,3.7,73316.0,57214.895
4429,600893.SH,20000419,7.6,7.82,7.52,7.57,7.62,-0.05,-0.66,58016.0,44575.369
4430,600893.SH,20000418,7.5,7.83,7.31,7.62,7.55,0.07,0.93,86776.0,66204.627
4431,600893.SH,20000417,7.09,7.66,7.03,7.55,7.09,0.46,6.49,55979.0,40993.163
4432,600893.SH,20000414,7.0,7.25,7.0,7.09,7.31,-0.22,-3.01,27696.0,19729.527
4433,600893.SH,20000413,7.11,7.4,7.11,7.31,7.11,0.2,2.81,36371.0,26531.101
4434,600893.SH,20000412,7.15,7.22,7.01,7.11,7.18,-0.07,-0.97,15538.0,11048.605
4435,600893.SH,20000411,7.31,7.33,7.17,7.18,7.32,-0.14,-1.91,23639.0,17045.972
4436,600893.SH,20000410,7.25,7.45,7.25,7.32,7.2,0.12,1.67,44526.0,32738.3
4437,600893.SH,20000407,7.1,7.23,7.1,7.2,7.06,0.14,1.98,22725.0,16301.987
4438,600893.SH,20000406,6.96,7.07,6.96,7.06,6.96,0.1,1.44,14457.0,10135.865
4439,600893.SH,20000405,6.82,6.98,6.81,6.96,6.85,0.11,1.61,12000.0,8259.267
4440,600893.SH,20000404,7.1,7.1,6.82,6.85,7.11,-0.26,-3.66,21516.0,14916.493
4441,600893.SH,20000403,7.1,7.26,7.1,7.11,7.07,0.04,0.57,21741.0,15568.629
4442,600893.SH,20000331,7.26,7.26,7.01,7.07,7.26,-0.19,-2.62,25155.0,17879.275
4443,600893.SH,20000330,7.11,7.28,7.1,7.26,7.13,0.13,1.82,31418.0,22606.208
4444,600893.SH,20000329,7.45,7.48,6.98,7.13,7.42,-0.29,-3.91,40418.0,28880.37
4445,600893.SH,20000328,7.3,7.48,7.19,7.42,7.26,0.16,2.2,59641.0,43762.585
4446,600893.SH,20000327,6.95,7.36,6.95,7.26,6.92,0.34,4.91,63356.0,45618.175
4447,600893.SH,20000324,7.2,7.2,6.92,6.92,7.19,-0.27,-3.76,56188.0,39777.989
4448,600893.SH,20000323,6.75,7.33,6.63,7.19,6.75,0.44,6.52,73018.0,51287.828
4449,600893.SH,20000322,6.85,6.85,6.6,6.75,6.85,-0.1,-1.46,14390.0,9678.928
4450,600893.SH,20000321,6.72,6.95,6.68,6.85,6.7,0.15,2.24,28925.0,19753.713
4451,600893.SH,20000320,6.51,6.75,6.45,6.7,6.49,0.21,3.24,18033.0,12021.368
4452,600893.SH,20000317,6.39,6.56,6.36,6.49,6.39,0.1,1.56,8445.0,5436.772
4453,600893.SH,20000316,6.7,6.71,6.38,6.39,6.7,-0.31,-4.63,9552.0,6212.228
4454,600893.SH,20000315,6.5,6.8,6.5,6.7,6.49,0.21,3.24,17272.0,11524.194
4455,600893.SH,20000314,6.5,6.55,6.37,6.49,6.55,-0.06,-0.92,11577.0,7440.678
4456,600893.SH,20000313,6.47,6.58,6.46,6.55,6.47,0.08,1.24,8989.0,5860.881
4457,600893.SH,20000310,6.58,6.58,6.46,6.47,6.58,-0.11,-1.67,11882.0,7713.727
4458,600893.SH,20000309,6.64,6.73,6.52,6.58,6.69,-0.11,-1.64,12993.0,8539.383
4459,600893.SH,20000308,6.62,6.8,6.6,6.69,6.58,0.11,1.67,13567.0,9085.813
4460,600893.SH,20000307,6.6,6.7,6.49,6.58,6.64,-0.06,-0.9,12692.0,8334.347
4461,600893.SH,20000306,6.81,7.04,6.61,6.64,6.75,-0.11,-1.63,42003.0,28897.039
4462,600893.SH,20000303,6.7,6.98,6.68,6.75,6.61,0.14,2.12,48625.0,33238.887
4463,600893.SH,20000302,6.6,6.73,6.5,6.61,6.6,0.01,0.15,19063.0,12626.878
4464,600893.SH,20000301,6.59,6.67,6.42,6.6,6.55,0.05,0.76,26979.0,17615.874
4465,600893.SH,20000229,6.4,6.65,6.33,6.55,6.39,0.16,2.5,24217.0,15687.725
4466,600893.SH,20000228,6.24,6.43,6.2,6.39,6.24,0.15,2.4,12382.0,7844.349
4467,600893.SH,20000225,6.26,6.3,6.2,6.24,6.3,-0.06,-0.95,8474.0,5276.09
4468,600893.SH,20000224,6.34,6.35,6.23,6.3,6.34,-0.04,-0.63,7491.0,4700.359
4469,600893.SH,20000223,6.28,6.45,6.27,6.34,6.3,0.04,0.63,9842.0,6231.959
4470,600893.SH,20000222,6.58,6.59,6.3,6.3,6.53,-0.23,-3.52,12526.0,8047.189
4471,600893.SH,20000221,6.3,6.55,6.2,6.53,6.29,0.24,3.82,21817.0,13943.134
4472,600893.SH,20000218,6.48,6.5,6.2,6.29,6.48,-0.19,-2.93,10691.0,6715.574
4473,600893.SH,20000217,6.37,6.7,6.35,6.48,6.35,0.13,2.05,37637.0,24503.581
4474,600893.SH,20000216,6.38,6.38,6.18,6.35,6.39,-0.04,-0.63,18167.0,11316.608
4475,600893.SH,20000215,6.78,6.8,6.36,6.39,6.73,-0.34,-5.05,23292.0,15206.752
4476,600893.SH,20000214,6.26,6.76,6.18,6.73,6.16,0.57,9.25,18293.0,11798.0
4477,600893.SH,20000128,6.05,6.16,5.9,6.16,6.07,0.09,1.48,15767.0,9440.928
4478,600893.SH,20000127,6.13,6.19,6.05,6.07,6.13,-0.06,-0.98,11654.0,7076.181
4479,600893.SH,20000126,6.17,6.22,6.1,6.13,6.16,-0.03,-0.49,4426.0,2719.97
4480,600893.SH,20000125,6.11,6.19,6.06,6.16,6.1,0.06,0.98,5980.0,3650.305
4481,600893.SH,20000124,6.15,6.18,6.01,6.1,6.19,-0.09,-1.45,10350.0,6268.3
4482,600893.SH,20000121,6.33,6.35,6.15,6.19,6.27,-0.08,-1.28,8625.0,5350.214
4483,600893.SH,20000120,6.17,6.27,6.1,6.27,6.17,0.1,1.62,8296.0,5103.309
4484,600893.SH,20000119,6.12,6.28,6.08,6.17,6.12,0.05,0.82,3641.0,2243.674
4485,600893.SH,20000118,6.22,6.25,6.1,6.12,6.23,-0.11,-1.77,6538.0,4031.077
4486,600893.SH,20000117,6.26,6.26,6.18,6.23,6.29,-0.06,-0.95,3437.0,2134.483
4487,600893.SH,20000114,6.24,6.35,6.2,6.29,6.22,0.07,1.13,3891.0,2430.541
4488,600893.SH,20000113,6.3,6.32,6.22,6.22,6.24,-0.02,-0.32,3470.0,2172.543
4489,600893.SH,20000112,6.36,6.4,6.19,6.24,6.36,-0.12,-1.89,7941.0,4967.323
4490,600893.SH,20000111,6.7,6.74,6.31,6.36,6.68,-0.32,-4.79,10454.0,6808.29
4491,600893.SH,20000110,6.7,6.77,6.5,6.68,6.66,0.02,0.3,12627.0,8347.666
4492,600893.SH,20000107,6.4,6.68,6.4,6.66,6.44,0.22,3.42,11380.0,7478.296
4493,600893.SH,20000106,6.21,6.45,6.2,6.44,6.27,0.17,2.71,4637.0,2931.778
4494,600893.SH,20000105,6.28,6.36,6.2,6.27,6.27,0.0,0.0,4902.0,3091.052
4495,600893.SH,20000104,6.18,6.3,6.1,6.27,6.2,0.07,1.13,2325.0,1452.975
4496,600893.SH,19991230,6.13,6.25,6.13,6.2,6.13,0.07,1.14,1746.0,1079.869
4497,600893.SH,19991229,6.11,6.22,6.09,6.13,6.08,0.05,0.82,1726.0,1061.501
4498,600893.SH,19991228,6.03,6.25,6.03,6.08,6.04,0.04,0.66,1795.0,1098.019
4499,600893.SH,19991227,6.05,6.12,6.0,6.04,6.0,0.04,0.67,3820.0,2310.0
4500,600893.SH,19991224,6.18,6.25,6.0,6.0,6.19,-0.19,-3.07,5735.0,3498.0
4501,600893.SH,19991223,6.35,6.35,6.18,6.19,6.35,-0.16,-2.52,3418.13,2136.28
4502,600893.SH,19991222,6.35,6.5,6.35,6.35,6.37,-0.02,-0.31,2991.0,1908.224
4503,600893.SH,19991221,6.55,6.55,6.3,6.37,6.57,-0.2,-3.04,4169.0,2668.0
4504,600893.SH,19991217,6.68,6.68,6.55,6.57,6.69,-0.12,-1.79,6348.0,4193.549
4505,600893.SH,19991216,6.75,6.8,6.69,6.69,6.75,-0.06,-0.89,3809.0,2560.199
4506,600893.SH,19991215,6.74,6.87,6.64,6.75,6.76,-0.01,-0.15,5219.0,3533.514
4507,600893.SH,19991214,6.71,6.78,6.7,6.76,6.73,0.03,0.45,2990.0,2010.13
4508,600893.SH,19991213,6.88,6.88,6.73,6.73,6.8,-0.07,-1.03,3792.0,2569.601
4509,600893.SH,19991210,6.8,6.88,6.74,6.8,6.8,0.0,0.0,2395.2,1622.47
4510,600893.SH,19991209,6.9,6.93,6.7,6.8,6.93,-0.13,-1.88,2750.0,1884.029
4511,600893.SH,19991208,7.0,7.04,6.9,6.93,7.0,-0.07,-1.0,2923.0,2028.853
4512,600893.SH,19991207,7.0,7.05,6.95,7.0,7.0,0.0,0.0,3087.0,2158.61
4513,600893.SH,19991206,6.9,7.04,6.9,7.0,6.93,0.07,1.01,5025.0,3506.993
4514,600893.SH,19991203,6.81,6.96,6.78,6.93,6.81,0.12,1.76,2269.0,1559.195
4515,600893.SH,19991202,6.88,6.9,6.79,6.81,6.85,-0.04,-0.58,2646.0,1805.216
4516,600893.SH,19991201,6.77,6.93,6.72,6.85,6.8,0.05,0.74,2655.0,1817.949
4517,600893.SH,19991130,6.7,6.8,6.7,6.8,6.76,0.04,0.59,2207.0,1489.66
4518,600893.SH,19991129,6.81,6.84,6.74,6.76,6.81,-0.05,-0.73,2630.0,1786.733
4519,600893.SH,19991126,6.88,6.88,6.72,6.81,6.8,0.01,0.15,4616.0,3137.694
4520,600893.SH,19991125,6.99,7.05,6.8,6.8,6.99,-0.19,-2.72,4736.0,3265.604
4521,600893.SH,19991124,6.97,7.05,6.97,6.99,6.97,0.02,0.29,3400.0,2385.117
4522,600893.SH,19991123,6.97,7.1,6.95,6.97,7.02,-0.05,-0.71,3582.0,2518.113
4523,600893.SH,19991122,6.99,7.03,6.92,7.02,6.99,0.03,0.43,6743.0,4693.333
4524,600893.SH,19991119,7.14,7.17,6.98,6.99,7.16,-0.17,-2.37,6874.0,4856.803
4525,600893.SH,19991118,7.06,7.2,6.9,7.16,7.07,0.09,1.27,13467.0,9597.785
4526,600893.SH,19991117,6.91,7.08,6.84,7.07,6.95,0.12,1.73,8589.0,5964.995
4527,600893.SH,19991116,7.15,7.25,6.91,6.95,7.2,-0.25,-3.47,16920.0,11934.934
4528,600893.SH,19991115,7.08,7.23,7.03,7.2,7.07,0.13,1.84,11693.0,8359.48
4529,600893.SH,19991112,7.12,7.15,6.99,7.07,7.08,-0.01,-0.14,7631.0,5387.557
4530,600893.SH,19991111,7.1,7.23,7.04,7.08,7.15,-0.07,-0.98,13150.0,9397.011
4531,600893.SH,19991110,6.88,7.15,6.83,7.15,6.92,0.23,3.32,10711.0,7488.168
4532,600893.SH,19991109,7.07,7.1,6.8,6.92,7.03,-0.11,-1.56,7129.0,4951.447
4533,600893.SH,19991108,6.99,7.1,6.98,7.03,6.94,0.09,1.3,10215.0,7186.362
4534,600893.SH,19991105,6.8,7.04,6.8,6.94,6.8,0.14,2.06,11799.0,8200.04
4535,600893.SH,19991104,6.83,6.87,6.74,6.8,6.87,-0.07,-1.02,3684.0,2504.313
4536,600893.SH,19991103,6.95,6.95,6.79,6.87,6.86,0.01,0.15,4720.0,3233.941
4537,600893.SH,19991102,6.63,7.0,6.6,6.86,6.63,0.23,3.47,12350.0,8478.653
4538,600893.SH,19991101,6.6,6.69,6.6,6.63,6.69,-0.06,-0.9,2879.0,1911.769
4539,600893.SH,19991029,6.72,6.76,6.6,6.69,6.72,-0.03,-0.45,4103.0,2743.038
4540,600893.SH,19991028,6.85,6.9,6.69,6.72,6.85,-0.13,-1.9,4512.0,3041.318
4541,600893.SH,19991027,6.75,6.9,6.7,6.85,6.6,0.25,3.79,7564.0,5163.076
4542,600893.SH,19991026,6.5,6.65,6.5,6.6,6.5,0.1,1.54,2821.0,1858.78
4543,600893.SH,19991025,6.68,6.68,6.5,6.5,6.66,-0.16,-2.4,3106.0,2036.81
4544,600893.SH,19991022,6.49,6.75,6.49,6.66,6.49,0.17,2.62,6094.0,4021.298
4545,600893.SH,19991021,6.68,6.68,6.48,6.49,6.65,-0.16,-2.41,4347.0,2844.691
4546,600893.SH,19991020,6.66,6.71,6.58,6.65,6.64,0.01,0.15,3660.0,2436.838
4547,600893.SH,19991019,6.71,6.77,6.62,6.64,6.76,-0.12,-1.78,3546.0,2364.17
4548,600893.SH,19991018,6.91,6.99,6.76,6.76,6.93,-0.17,-2.45,4295.0,2952.186
4549,600893.SH,19991015,6.81,7.0,6.8,6.93,6.73,0.2,2.97,4793.0,3315.274
4550,600893.SH,19991014,6.7,6.88,6.67,6.73,6.7,0.03,0.45,2778.0,1872.735
4551,600893.SH,19991013,6.93,6.97,6.68,6.7,6.92,-0.22,-3.18,4295.0,2902.216
4552,600893.SH,19991012,6.8,6.92,6.76,6.92,6.79,0.13,1.91,2618.0,1790.525
4553,600893.SH,19991011,6.72,6.85,6.65,6.79,6.76,0.03,0.44,3467.0,2345.271
4554,600893.SH,19991008,6.95,6.95,6.75,6.76,6.96,-0.2,-2.87,4659.0,3185.778
4555,600893.SH,19990930,7.07,7.12,6.95,6.96,7.06,-0.1,-1.42,8222.0,5768.0
4556,600893.SH,19990929,7.14,7.24,7.04,7.06,7.14,-0.08,-1.12,5210.5,3712.36
4557,600893.SH,19990928,7.23,7.25,7.12,7.14,7.22,-0.08,-1.11,4074.0,2922.132
4558,600893.SH,19990927,7.25,7.39,7.19,7.22,7.25,-0.03,-0.41,3839.0,2782.283
4559,600893.SH,19990924,7.21,7.33,7.18,7.25,7.17,0.08,1.12,4674.0,3381.227
4560,600893.SH,19990923,7.26,7.3,7.15,7.17,7.3,-0.13,-1.78,7112.0,5144.443
4561,600893.SH,19990922,7.4,7.42,7.3,7.3,7.41,-0.11,-1.48,5273.0,3868.0
4562,600893.SH,19990921,7.32,7.45,7.3,7.41,7.33,0.08,1.09,6750.0,4977.388
4563,600893.SH,19990920,7.4,7.45,7.3,7.33,7.4,-0.07,-0.95,5695.0,4173.085
4564,600893.SH,19990917,7.35,7.5,7.28,7.4,7.36,0.04,0.54,10127.0,7457.775
4565,600893.SH,19990916,7.42,7.5,7.35,7.36,7.42,-0.06,-0.81,12789.0,9504.598
4566,600893.SH,19990915,7.54,7.57,7.4,7.42,7.54,-0.12,-1.59,14163.0,10552.228
4567,600893.SH,19990914,7.7,7.75,7.52,7.54,7.64,-0.1,-1.31,17408.0,13198.409
4568,600893.SH,19990913,7.56,7.75,7.54,7.64,7.56,0.08,1.06,18759.0,14323.366
4569,600893.SH,19990910,7.8,7.85,7.55,7.56,7.7,-0.14,-1.82,43275.0,33399.202
4570,600893.SH,19990909,7.41,7.8,7.41,7.7,7.38,0.32,4.34,53473.0,40599.971
4571,600893.SH,19990908,7.32,7.55,7.3,7.38,7.26,0.12,1.65,40886.0,30483.692
4572,600893.SH,19990907,7.19,7.27,7.12,7.26,7.19,0.07,0.97,13249.0,9549.943
4573,600893.SH,19990906,7.2,7.35,7.08,7.19,7.2,-0.01,-0.14,19768.0,14319.5
4574,600893.SH,19990903,7.02,7.4,7.02,7.2,6.99,0.21,3.0,50069.0,36374.143
4575,600893.SH,19990902,6.86,7.0,6.75,6.99,6.9,0.09,1.3,10970.0,7501.477
4576,600893.SH,19990901,7.1,7.11,6.88,6.9,7.11,-0.21,-2.95,11080.0,7735.534
4577,600893.SH,19990831,7.1,7.15,7.02,7.11,7.11,0.0,0.0,9543.0,6758.0
4578,600893.SH,19990830,7.2,7.23,7.07,7.11,7.15,-0.04,-0.56,12154.0,8659.899
4579,600893.SH,19990827,7.05,7.28,7.03,7.15,7.05,0.1,1.42,25798.0,18542.464
4580,600893.SH,19990826,6.9,7.1,6.85,7.05,6.92,0.13,1.88,10248.0,7135.71
4581,600893.SH,19990825,7.1,7.1,6.85,6.92,7.1,-0.18,-2.54,13685.0,9480.0
4582,600893.SH,19990824,7.2,7.23,7.06,7.1,7.17,-0.07,-0.98,17365.0,12374.527
4583,600893.SH,19990823,7.0,7.17,6.97,7.17,6.95,0.22,3.17,25365.0,18002.011
4584,600893.SH,19990820,7.06,7.09,6.88,6.95,7.03,-0.08,-1.14,23740.0,16522.724
4585,600893.SH,19990819,6.94,7.05,6.82,7.03,6.94,0.09,1.3,50049.0,34866.114
4586,600893.SH,19990818,6.61,6.96,6.58,6.94,6.4,0.54,8.44,43221.0,29504.511
4587,600893.SH,19990817,6.31,6.49,6.31,6.4,6.28,0.12,1.91,4173.0,2682.983
4588,600893.SH,19990816,6.4,6.42,6.28,6.28,6.38,-0.1,-1.57,4883.0,3096.461
4589,600893.SH,19990813,6.4,6.52,6.37,6.38,6.38,0.0,0.0,5374.0,3439.493
4590,600893.SH,19990812,6.4,6.52,6.35,6.38,6.45,-0.07,-1.09,6013.0,3852.511
4591,600893.SH,19990811,6.68,6.68,6.39,6.45,6.68,-0.23,-3.44,9260.0,6072.217
4592,600893.SH,19990810,6.65,6.75,6.58,6.68,6.65,0.03,0.45,13728.0,9171.079
4593,600893.SH,19990809,6.59,6.71,6.5,6.65,6.59,0.06,0.91,11212.0,7387.17
4594,600893.SH,19990806,6.76,6.78,6.46,6.59,6.76,-0.17,-2.51,14415.0,9473.776
4595,600893.SH,19990805,6.63,6.81,6.6,6.76,6.6,0.16,2.42,18589.0,12465.819
4596,600893.SH,19990804,6.6,6.74,6.52,6.6,6.6,0.0,0.0,12314.0,8147.0
4597,600893.SH,19990803,6.6,6.68,6.5,6.6,6.61,-0.01,-0.15,9077.0,5949.396
4598,600893.SH,19990802,6.4,6.64,6.32,6.61,6.35,0.26,4.09,17582.0,11482.386
4599,600893.SH,19990730,6.44,6.44,6.3,6.35,6.4,-0.05,-0.78,6930.0,4401.295
4600,600893.SH,19990729,6.43,6.45,6.36,6.4,6.35,0.05,0.79,7650.0,4901.009
4601,600893.SH,19990728,6.45,6.49,6.3,6.35,6.36,-0.01,-0.16,7282.0,4645.873
4602,600893.SH,19990727,6.32,6.5,6.27,6.36,6.29,0.07,1.11,12171.0,7793.103
4603,600893.SH,19990726,6.3,6.35,6.17,6.29,6.26,0.03,0.48,8491.0,5314.947
4604,600893.SH,19990723,6.09,6.3,6.09,6.26,6.12,0.14,2.29,10340.0,6426.616
4605,600893.SH,19990722,6.41,6.41,6.11,6.12,6.42,-0.3,-4.67,14086.0,8775.598
4606,600893.SH,19990721,6.48,6.51,6.3,6.42,6.44,-0.02,-0.31,20783.0,13313.927
4607,600893.SH,19990720,6.15,6.47,6.15,6.44,6.14,0.3,4.89,9010.0,5691.0
4608,600893.SH,19990719,6.15,6.24,6.06,6.14,6.25,-0.11,-1.76,7311.43,4507.419
4609,600893.SH,19990716,6.4,6.4,6.19,6.25,6.4,-0.15,-2.34,9915.0,6238.094
4610,600893.SH,19990715,6.5,6.54,6.36,6.4,6.5,-0.1,-1.54,9701.0,6219.196
4611,600893.SH,19990714,6.37,6.54,6.3,6.5,6.38,0.12,1.88,10519.0,6761.239
4612,600893.SH,19990713,6.77,6.77,6.3,6.38,6.79,-0.41,-6.04,14573.0,9408.866
4613,600893.SH,19990712,7.9,7.9,7.48,7.57,7.69,-0.12,-1.56,40672.0,30995.23
4614,600893.SH,19990709,7.4,8.0,7.38,7.69,7.4,0.29,3.92,64818.0,50524.766
4615,600893.SH,19990708,7.2,7.4,7.08,7.4,7.0,0.4,5.71,13628.0,9854.554
4616,600893.SH,19990707,6.81,7.0,6.72,7.0,6.75,0.25,3.7,10955.0,7514.384
4617,600893.SH,19990706,7.05,7.19,6.68,6.75,7.05,-0.3,-4.26,13443.0,9365.266
4618,600893.SH,19990705,7.3,7.35,7.0,7.05,7.28,-0.23,-3.16,16229.0,11630.887
4619,600893.SH,19990702,7.1,7.35,6.95,7.28,7.04,0.24,3.41,31364.0,22607.921
4620,600893.SH,19990701,7.8,7.8,7.04,7.04,7.82,-0.78,-9.97,27556.0,20135.557
4621,600893.SH,19990630,7.95,8.19,7.62,7.82,7.9,-0.08,-1.01,52907.0,41873.653
4622,600893.SH,19990629,7.75,7.93,7.49,7.9,7.73,0.17,2.2,47655.0,36462.394
4623,600893.SH,19990628,7.35,7.78,7.34,7.73,7.35,0.38,5.17,42391.0,31692.261
4624,600893.SH,19990625,8.08,8.12,7.26,7.35,8.03,-0.68,-8.47,49991.0,39201.856
4625,600893.SH,19990624,8.0,8.06,7.7,8.03,7.98,0.05,0.63,58248.0,45790.941
4626,600893.SH,19990623,7.7,8.22,7.7,7.98,7.6,0.38,5.0,78510.0,62568.202
4627,600893.SH,19990622,7.5,7.6,7.2,7.6,7.5,0.1,1.33,51084.0,37979.011
4628,600893.SH,19990621,7.45,7.56,7.3,7.5,7.35,0.15,2.04,55928.0,41495.697
4629,600893.SH,19990618,6.9,7.35,6.77,7.35,6.89,0.46,6.68,79504.0,56746.176
4630,600893.SH,19990617,6.92,7.0,6.71,6.89,6.92,-0.03,-0.43,34793.0,23741.466
4631,600893.SH,19990616,6.71,6.95,6.61,6.92,6.68,0.24,3.59,29053.0,19576.01
4632,600893.SH,19990615,7.2,7.27,6.4,6.68,6.97,-0.29,-4.16,49059.0,34132.517
4633,600893.SH,19990614,6.75,6.98,6.7,6.97,6.69,0.28,4.19,37340.0,25595.784
4634,600893.SH,19990611,6.65,6.73,6.52,6.69,6.65,0.04,0.6,19833.0,13139.075
4635,600893.SH,19990610,6.69,6.75,6.48,6.65,6.56,0.09,1.37,29901.0,19792.474
4636,600893.SH,19990609,6.4,6.58,6.28,6.56,6.36,0.2,3.14,22627.0,14644.368
4637,600893.SH,19990608,6.25,6.41,6.23,6.36,6.25,0.11,1.76,13738.0,8670.482
4638,600893.SH,19990607,6.13,6.28,6.03,6.25,6.17,0.08,1.3,10920.0,6724.566
4639,600893.SH,19990604,6.13,6.2,6.12,6.17,6.14,0.03,0.49,8330.0,5135.352
4640,600893.SH,19990603,6.3,6.35,6.1,6.14,6.3,-0.16,-2.54,11404.0,7055.708
4641,600893.SH,19990602,6.53,6.6,6.28,6.3,6.52,-0.22,-3.37,17761.0,11337.298
4642,600893.SH,19990601,6.35,6.54,6.25,6.52,6.35,0.17,2.68,15682.0,10037.829
4643,600893.SH,19990531,6.61,6.71,6.26,6.35,6.6,-0.25,-3.79,19029.0,12237.757
4644,600893.SH,19990528,6.6,6.84,6.56,6.6,6.53,0.07,1.07,32014.0,21369.791
4645,600893.SH,19990527,6.56,6.61,6.38,6.53,6.48,0.05,0.77,23914.0,15483.828
4646,600893.SH,19990526,6.3,6.48,6.26,6.48,6.29,0.19,3.02,12826.0,8140.581
4647,600893.SH,19990525,6.4,6.73,6.2,6.29,6.42,-0.13,-2.02,22523.0,14626.92
4648,600893.SH,19990524,6.17,6.45,6.02,6.42,6.19,0.23,3.72,22426.0,13924.152
4649,600893.SH,19990521,6.29,6.33,6.15,6.19,6.26,-0.07,-1.12,11628.0,7228.073
4650,600893.SH,19990520,6.14,6.3,6.09,6.26,6.14,0.12,1.95,9285.0,5755.705
4651,600893.SH,19990519,5.85,6.14,5.8,6.14,5.88,0.26,4.42,4623.0,2771.995
4652,600893.SH,19990518,5.95,6.03,5.88,5.88,5.96,-0.08,-1.34,3900.0,2318.276
4653,600893.SH,19990517,5.98,6.15,5.92,5.96,6.0,-0.04,-0.67,3950.0,2372.978
4654,600893.SH,19990514,6.27,6.29,5.96,6.0,6.29,-0.29,-4.61,5770.0,3509.539
4655,600893.SH,19990513,6.38,6.38,6.24,6.29,6.36,-0.07,-1.1,4210.0,2646.232
4656,600893.SH,19990512,6.2,6.44,6.12,6.36,5.97,0.39,6.53,8746.0,5506.714
4657,600893.SH,19990510,6.28,6.28,5.91,5.97,6.32,-0.35,-5.54,8796.0,5353.121
4658,600893.SH,19990507,6.2,6.36,6.18,6.32,6.25,0.07,1.12,5469.0,3439.226
4659,600893.SH,19990506,6.13,6.28,6.13,6.25,6.11,0.14,2.29,3175.0,1972.27
4660,600893.SH,19990505,6.1,6.18,6.06,6.11,6.12,-0.01,-0.16,3174.0,1938.209
4661,600893.SH,19990504,6.18,6.18,6.05,6.12,6.19,-0.07,-1.13,4224.0,2578.16
4662,600893.SH,19990430,6.26,6.32,6.16,6.19,6.24,-0.05,-0.8,3191.0,1986.93
4663,600893.SH,19990429,6.1,6.24,6.08,6.24,6.07,0.17,2.8,3399.0,2100.041
4664,600893.SH,19990428,6.03,6.21,6.03,6.07,6.05,0.02,0.33,4245.0,2588.195
4665,600893.SH,19990427,6.1,6.15,6.01,6.05,6.13,-0.08,-1.31,6446.0,3908.774
4666,600893.SH,19990426,6.3,6.3,6.13,6.13,6.32,-0.19,-3.01,9055.0,5605.616
4667,600893.SH,19990423,6.25,6.5,6.2,6.32,6.26,0.06,0.96,7119.0,4536.427
4668,600893.SH,19990422,6.4,6.4,6.1,6.26,6.4,-0.14,-2.19,11306.0,7034.417
4669,600893.SH,19990421,6.69,6.69,6.4,6.4,6.69,-0.29,-4.33,8626.0,5642.519
4670,600893.SH,19990420,6.44,6.69,6.4,6.69,6.43,0.26,4.04,10742.0,6993.226
4671,600893.SH,19990419,6.58,6.59,6.38,6.43,6.61,-0.18,-2.72,13035.0,8407.796
4672,600893.SH,19990416,6.66,6.75,6.58,6.61,6.68,-0.07,-1.05,13117.0,8728.278
4673,600893.SH,19990415,6.85,6.97,6.67,6.68,6.8,-0.12,-1.76,14201.0,9602.905
4674,600893.SH,19990414,6.9,7.0,6.74,6.8,6.93,-0.13,-1.88,13447.0,9163.7
4675,600893.SH,19990413,7.17,7.17,6.9,6.93,7.18,-0.25,-3.48,20713.0,14599.01
4676,600893.SH,19990412,7.19,7.5,7.01,7.18,7.13,0.05,0.7,37412.0,27286.112
4677,600893.SH,19990409,7.19,7.37,7.03,7.13,7.22,-0.09,-1.25,42532.0,30516.943
4678,600893.SH,19990408,7.45,7.5,7.16,7.22,7.59,-0.37,-4.87,70536.0,51621.814
4679,600893.SH,19990407,6.8,7.72,6.66,7.59,7.02,0.57,8.12,171323.0,124067.998
4680,600893.SH,19990406,6.92,7.03,6.8,7.02,6.92,0.1,1.45,5211.0,3584.328
4681,600893.SH,19990405,7.01,7.02,6.8,6.92,7.03,-0.11,-1.56,7549.0,5201.598
4682,600893.SH,19990402,7.05,7.15,7.02,7.03,7.05,-0.02,-0.28,3937.0,2787.187
4683,600893.SH,19990401,6.92,7.09,6.9,7.05,6.92,0.13,1.88,3715.0,2604.824
4684,600893.SH,19990331,6.95,6.96,6.8,6.92,6.82,0.1,1.47,1776.0,1222.174
4685,600893.SH,19990330,6.9,7.1,6.81,6.82,6.9,-0.08,-1.16,2288.0,1592.122
4686,600893.SH,19990329,6.73,6.91,6.66,6.9,6.74,0.16,2.37,2182.0,1484.909
4687,600893.SH,19990326,6.7,6.78,6.62,6.74,6.71,0.03,0.45,2253.0,1511.407
4688,600893.SH,19990325,6.86,6.86,6.71,6.71,6.86,-0.15,-2.19,2154.0,1463.296
4689,600893.SH,19990324,6.86,6.95,6.83,6.86,6.85,0.01,0.15,2303.0,1584.192
4690,600893.SH,19990323,6.95,7.0,6.81,6.85,6.92,-0.07,-1.01,2094.0,1440.445
4691,600893.SH,19990322,7.1,7.1,6.9,6.92,7.1,-0.18,-2.54,3642.0,2533.826
4692,600893.SH,19990319,6.83,7.11,6.78,7.1,6.86,0.24,3.5,3104.0,2155.449
4693,600893.SH,19990318,6.89,7.02,6.85,6.86,7.03,-0.17,-2.42,3668.0,2536.952
4694,600893.SH,19990317,7.11,7.23,7.02,7.03,7.1,-0.07,-0.99,4758.0,3385.598
4695,600893.SH,19990316,7.2,7.2,7.02,7.1,7.22,-0.12,-1.66,7191.0,5096.973
4696,600893.SH,19990315,7.05,7.49,7.04,7.22,6.96,0.26,3.74,23419.0,17094.178
4697,600893.SH,19990312,6.73,6.97,6.63,6.96,6.7,0.26,3.88,9259.0,6341.212
4698,600893.SH,19990311,6.4,6.76,6.39,6.7,6.41,0.29,4.52,6493.0,4321.557
4699,600893.SH,19990310,6.47,6.5,6.34,6.41,6.5,-0.09,-1.38,2812.0,1796.536
4700,600893.SH,19990309,6.65,6.66,6.5,6.5,6.66,-0.16,-2.4,3591.0,2355.931
4701,600893.SH,19990308,6.59,6.66,6.46,6.66,6.56,0.1,1.52,3343.0,2188.178
4702,600893.SH,19990305,6.33,6.58,6.33,6.56,6.4,0.16,2.5,4785.0,3119.381
4703,600893.SH,19990304,6.49,6.56,6.32,6.4,6.49,-0.09,-1.39,3046.0,1947.889
4704,600893.SH,19990303,6.35,6.5,6.31,6.49,6.33,0.16,2.53,3765.0,2419.609
4705,600893.SH,19990302,6.2,6.48,6.2,6.33,6.18,0.15,2.43,2146.0,1361.437
4706,600893.SH,19990301,6.05,6.24,6.05,6.18,6.05,0.13,2.15,1078.0,664.522
4707,600893.SH,19990209,5.81,6.06,5.81,6.05,5.87,0.18,3.07,1861.0,1117.166
4708,600893.SH,19990208,5.93,5.93,5.78,5.87,5.93,-0.06,-1.01,2356.0,1381.27
4709,600893.SH,19990205,6.25,6.26,5.9,5.93,6.24,-0.31,-4.97,3556.0,2160.145
4710,600893.SH,19990204,6.34,6.36,6.18,6.24,6.33,-0.09,-1.42,3032.0,1884.624
4711,600893.SH,19990203,6.48,6.52,6.33,6.33,6.53,-0.2,-3.06,1926.0,1230.561
4712,600893.SH,19990202,6.2,6.53,6.2,6.53,6.24,0.29,4.65,6038.0,3782.083
4713,600893.SH,19990201,6.3,6.37,6.2,6.24,6.37,-0.13,-2.04,3224.0,2020.962
4714,600893.SH,19990129,6.47,6.47,6.3,6.37,6.46,-0.09,-1.39,2131.0,1356.597
4715,600893.SH,19990128,6.4,6.53,6.38,6.46,6.38,0.08,1.25,2383.0,1538.436
4716,600893.SH,19990127,6.3,6.39,6.3,6.38,6.3,0.08,1.27,1814.0,1150.995
4717,600893.SH,19990126,6.35,6.46,6.25,6.3,6.36,-0.06,-0.94,1863.0,1180.456
4718,600893.SH,19990125,6.47,6.48,6.35,6.36,6.47,-0.11,-1.7,2808.0,1791.555
4719,600893.SH,19990122,6.6,6.64,6.45,6.47,6.58,-0.11,-1.67,2831.0,1840.237
4720,600893.SH,19990121,6.48,6.58,6.41,6.58,6.5,0.08,1.23,1900.0,1229.326
4721,600893.SH,19990120,6.5,6.57,6.45,6.5,6.5,0.0,0.0,2239.0,1458.665
4722,600893.SH,19990119,6.4,6.54,6.31,6.5,6.3,0.2,3.17,3474.0,2242.896
4723,600893.SH,19990118,6.38,6.57,6.05,6.3,6.46,-0.16,-2.48,8196.0,5154.297
4724,600893.SH,19990115,7.19,7.19,6.46,6.46,7.18,-0.72,-10.03,15115.0,10120.055
4725,600893.SH,19990114,7.1,7.28,7.07,7.18,7.1,0.08,1.13,1873.0,1337.46
4726,600893.SH,19990113,7.25,7.29,7.1,7.1,7.3,-0.2,-2.74,4426.0,3175.354
4727,600893.SH,19990112,7.55,7.56,7.25,7.3,7.53,-0.23,-3.05,2200.0,1624.526
4728,600893.SH,19990111,7.6,7.6,7.3,7.53,7.6,-0.07,-0.92,1943.0,1455.677
4729,600893.SH,19990108,7.3,7.6,7.08,7.6,7.34,0.26,3.54,3400.0,2544.948
4730,600893.SH,19990107,7.38,7.38,7.25,7.34,7.38,-0.04,-0.54,1323.0,966.514
4731,600893.SH,19990106,7.28,7.4,7.24,7.38,7.25,0.13,1.79,1394.0,1021.533
4732,600893.SH,19990105,7.1,7.26,7.1,7.25,7.17,0.08,1.12,941.0,675.196
4733,600893.SH,19990104,7.3,7.3,7.1,7.17,7.3,-0.13,-1.78,1054.0,756.777
4734,600893.SH,19981231,7.58,7.58,7.28,7.3,7.4,-0.1,-1.35,1460.0,1080.615
4735,600893.SH,19981230,7.38,7.52,7.15,7.4,7.47,-0.07,-0.94,3159.0,2306.37
4736,600893.SH,19981229,7.51,7.58,7.31,7.47,7.52,-0.05,-0.66,2063.0,1544.605
4737,600893.SH,19981228,7.85,7.85,7.45,7.52,7.78,-0.26,-3.34,2629.0,1982.774
4738,600893.SH,19981225,7.7,7.95,7.7,7.78,7.83,-0.05,-0.64,4833.0,3782.277
4739,600893.SH,19981224,7.52,7.85,7.52,7.83,7.58,0.25,3.3,14777.0,11365.292
4740,600893.SH,19981223,7.65,7.65,7.42,7.58,7.6,-0.02,-0.26,5585.0,4201.851
4741,600893.SH,19981222,7.38,7.72,7.28,7.6,7.43,0.17,2.29,9660.0,7359.775
4742,600893.SH,19981221,7.02,7.48,6.8,7.43,7.03,0.4,5.69,5844.0,4228.273
4743,600893.SH,19981218,7.12,7.13,7.02,7.03,7.11,-0.08,-1.13,2158.0,1525.008
4744,600893.SH,19981217,7.28,7.35,7.1,7.11,7.38,-0.27,-3.66,2428.0,1750.422
4745,600893.SH,19981216,7.5,7.55,7.35,7.38,7.5,-0.12,-1.6,1515.0,1127.033
4746,600893.SH,19981215,7.55,7.65,7.36,7.5,7.61,-0.11,-1.45,3377.0,2518.76
4747,600893.SH,19981214,7.8,7.81,7.52,7.61,7.77,-0.16,-2.06,2710.0,2069.404
4748,600893.SH,19981211,7.69,7.77,7.61,7.77,7.72,0.05,0.65,2126.0,1637.32
4749,600893.SH,19981210,7.92,8.06,7.62,7.72,7.96,-0.24,-3.02,1179.0,930.408
4750,600893.SH,19981209,7.95,8.02,7.95,7.96,8.02,-0.06,-0.75,716.0,572.066
4751,600893.SH,19981208,7.8,8.02,7.8,8.02,7.82,0.2,2.56,1874.0,1491.274
4752,600893.SH,19981207,7.8,8.0,7.8,7.82,7.91,-0.09,-1.14,1823.0,1430.998
4753,600893.SH,19981204,7.9,8.05,7.88,7.91,7.9,0.01,0.13,4380.0,3491.844
4754,600893.SH,19981203,7.78,7.93,7.7,7.9,7.78,0.12,1.54,2175.0,1707.679
4755,600893.SH,19981202,7.8,7.8,7.61,7.78,7.81,-0.03,-0.38,3104.0,2385.881
4756,600893.SH,19981201,7.83,7.89,7.8,7.81,7.82,-0.01,-0.13,3361.0,2641.662
4757,600893.SH,19981130,7.93,7.94,7.75,7.82,7.93,-0.11,-1.39,4436.0,3468.0
4758,600893.SH,19981127,8.07,8.1,7.9,7.93,8.07,-0.14,-1.73,3214.0,2579.0
4759,600893.SH,19981126,8.12,8.12,8.02,8.07,8.16,-0.09,-1.1,3268.0,2635.0
4760,600893.SH,19981125,8.18,8.27,8.09,8.16,8.16,0.0,0.0,2664.0,2177.199
4761,600893.SH,19981124,8.07,8.2,8.06,8.16,8.1,0.06,0.74,2601.0,2122.123
4762,600893.SH,19981123,8.2,8.2,8.04,8.1,8.18,-0.08,-0.98,5272.0,4266.208
4763,600893.SH,19981120,8.22,8.3,8.14,8.18,8.22,-0.04,-0.49,4259.0,3491.262
4764,600893.SH,19981119,8.4,8.5,8.19,8.22,8.38,-0.16,-1.91,6495.0,5377.93
4765,600893.SH,19981118,8.6,8.9,8.35,8.38,8.6,-0.22,-2.56,4808.0,4102.577
4766,600893.SH,19981117,8.6,8.76,8.59,8.6,8.59,0.01,0.12,6420.0,5555.602
4767,600893.SH,19981116,8.65,8.72,8.55,8.59,8.63,-0.04,-0.46,5405.0,4662.544
4768,600893.SH,19981113,8.7,8.75,8.51,8.63,8.72,-0.09,-1.03,6555.0,5636.93
4769,600893.SH,19981112,8.37,8.76,8.37,8.72,8.37,0.35,4.18,14684.0,12726.186
4770,600893.SH,19981111,8.3,8.4,8.23,8.37,8.31,0.06,0.72,5725.0,4759.822
4771,600893.SH,19981110,8.42,8.42,8.28,8.31,8.4,-0.09,-1.07,4658.0,3883.595
4772,600893.SH,19981109,8.28,8.45,8.2,8.4,8.28,0.12,1.45,5393.0,4482.525
4773,600893.SH,19981106,8.46,8.48,8.23,8.28,8.36,-0.08,-0.96,6190.0,5135.675
4774,600893.SH,19981105,8.31,8.38,8.25,8.36,8.29,0.07,0.84,4584.0,3805.513
4775,600893.SH,19981104,8.45,8.45,8.28,8.29,8.43,-0.14,-1.66,3257.0,2714.124
4776,600893.SH,19981103,8.18,8.5,8.15,8.43,8.08,0.35,4.33,7855.0,6552.214
4777,600893.SH,19981102,8.17,8.19,8.0,8.08,8.17,-0.09,-1.1,5930.0,4777.95
4778,600893.SH,19981030,8.1,8.2,8.1,8.17,8.16,0.01,0.12,4519.0,3685.342
4779,600893.SH,19981029,8.45,8.48,8.0,8.16,8.45,-0.29,-3.43,5109.0,4204.202
4780,600893.SH,19981028,8.28,8.48,8.25,8.45,8.2,0.25,3.05,5463.0,4565.544
4781,600893.SH,19981027,8.0,8.34,8.0,8.2,8.04,0.16,1.99,5879.0,4843.63
4782,600893.SH,19981026,8.3,8.3,7.92,8.04,8.31,-0.27,-3.25,10994.0,8851.077
4783,600893.SH,19981023,8.48,8.5,8.3,8.31,8.44,-0.13,-1.54,9279.0,7790.439
4784,600893.SH,19981022,8.38,8.5,8.21,8.44,8.44,0.0,0.0,11309.0,9460.486
4785,600893.SH,19981021,8.87,8.98,8.41,8.44,8.87,-0.43,-4.85,10072.0,8739.121
4786,600893.SH,19981020,8.95,9.0,8.8,8.87,8.9,-0.03,-0.34,7430.0,6602.076
4787,600893.SH,19981019,9.09,9.1,8.81,8.9,9.1,-0.2,-2.2,12730.0,11343.031
4788,600893.SH,19981016,9.4,9.43,9.08,9.1,9.37,-0.27,-2.88,10990.0,10094.597
4789,600893.SH,19981015,9.2,9.39,9.03,9.37,9.09,0.28,3.08,17438.0,16104.709
4790,600893.SH,19981014,8.91,9.14,8.87,9.09,8.91,0.18,2.02,10294.0,9246.291
4791,600893.SH,19981013,9.21,9.25,8.9,8.91,9.17,-0.26,-2.84,18618.0,16820.136
4792,600893.SH,19981012,8.88,9.29,8.78,9.17,8.66,0.51,5.89,41372.0,37603.487
4793,600893.SH,19981009,8.35,8.96,8.33,8.66,8.3,0.36,4.34,35045.0,30633.365
4794,600893.SH,19981008,8.29,8.39,8.18,8.3,8.2,0.1,1.22,6502.0,5390.067
4795,600893.SH,19981007,8.48,8.48,8.12,8.2,8.49,-0.29,-3.42,9515.0,7844.242
4796,600893.SH,19981006,8.5,8.68,8.42,8.49,8.5,-0.01,-0.12,13078.0,11194.492
4797,600893.SH,19981005,8.38,8.5,8.3,8.5,8.32,0.18,2.16,9409.0,7923.12
4798,600893.SH,19980930,8.27,8.48,7.91,8.32,8.3,0.02,0.24,11021.0,9086.381
4799,600893.SH,19980929,8.1,8.3,7.68,8.3,8.1,0.2,2.47,22318.0,17630.309
4800,600893.SH,19980928,8.28,8.57,8.06,8.1,8.15,-0.05,-0.61,16578.0,13716.668
4801,600893.SH,19980924,8.48,8.75,8.1,8.15,8.55,-0.4,-4.68,17399.0,14653.686
4802,600893.SH,19980923,8.4,8.59,8.24,8.55,8.36,0.19,2.27,12641.0,10680.04
4803,600893.SH,19980922,8.59,8.65,8.28,8.36,8.54,-0.18,-2.11,18816.0,15809.544
4804,600893.SH,19980921,7.88,8.64,7.88,8.54,7.85,0.69,8.79,27298.0,22792.039
4805,600893.SH,19980918,7.74,8.08,7.68,7.85,7.71,0.14,1.82,13299.0,10511.223
4806,600893.SH,19980917,8.1,8.22,7.71,7.71,8.1,-0.39,-4.81,12542.0,9982.493
4807,600893.SH,19980916,8.08,8.23,7.69,8.1,8.01,0.09,1.12,15618.0,12567.039
4808,600893.SH,19980915,7.98,8.28,7.95,8.01,7.89,0.12,1.52,19130.0,15506.689
4809,600893.SH,19980914,7.67,8.02,7.67,7.89,7.67,0.22,2.87,14087.0,11120.379
4810,600893.SH,19980911,7.65,7.78,7.5,7.67,7.65,0.02,0.26,9966.0,7612.068
4811,600893.SH,19980910,7.55,7.78,7.45,7.65,7.52,0.13,1.73,14345.0,10995.875
4812,600893.SH,19980909,7.31,7.53,7.25,7.52,7.31,0.21,2.87,8471.0,6329.545
4813,600893.SH,19980908,7.57,7.67,7.31,7.31,7.55,-0.24,-3.18,10368.0,7758.052
4814,600893.SH,19980907,7.2,7.58,7.2,7.55,7.16,0.39,5.45,12365.0,9191.366
4815,600893.SH,19980904,7.15,7.3,7.15,7.16,7.1,0.06,0.85,5662.0,4092.822
4816,600893.SH,19980903,7.01,7.24,7.01,7.1,7.05,0.05,0.71,3985.0,2832.578
4817,600893.SH,19980902,7.15,7.37,7.05,7.05,7.16,-0.11,-1.54,7768.0,5590.781
4818,600893.SH,19980901,6.8,7.35,6.73,7.16,6.88,0.28,4.07,16075.0,11411.917
4819,600893.SH,19980831,6.7,6.95,6.35,6.88,6.8,0.08,1.18,9388.0,6201.386
4820,600893.SH,19980828,6.75,6.94,6.75,6.8,6.88,-0.08,-1.16,4385.0,2996.872
4821,600893.SH,19980827,7.0,7.05,6.88,6.88,7.1,-0.22,-3.1,4813.0,3347.493
4822,600893.SH,19980826,7.35,7.45,7.09,7.1,7.4,-0.3,-4.05,6593.0,4769.32
4823,600893.SH,19980825,7.1,7.45,7.0,7.4,7.15,0.25,3.5,10952.0,7975.149
4824,600893.SH,19980824,7.05,7.28,6.93,7.15,7.1,0.05,0.7,9125.0,6502.573
4825,600893.SH,19980821,7.18,7.18,6.95,7.1,7.15,-0.05,-0.7,8923.0,6318.491
4826,600893.SH,19980820,7.07,7.15,6.82,7.15,7.08,0.07,0.99,17277.0,12096.885
4827,600893.SH,19980819,6.6,7.08,6.5,7.08,6.61,0.47,7.11,18761.0,12894.422
4828,600893.SH,19980818,6.6,6.88,6.31,6.61,6.83,-0.22,-3.22,8348.0,5438.785
4829,600893.SH,19980817,7.55,7.55,6.83,6.83,7.59,-0.76,-10.01,4904.0,3425.857
4830,600893.SH,19980814,7.55,7.87,7.45,7.59,7.59,0.0,0.0,8759.0,6738.697
4831,600893.SH,19980813,7.5,7.7,7.35,7.59,8.01,-0.42,-5.24,11352.0,8577.915
4832,600893.SH,19980812,8.15,8.15,7.86,8.01,8.18,-0.17,-2.08,6091.0,4858.02
4833,600893.SH,19980811,8.4,8.45,8.12,8.18,8.38,-0.2,-2.39,2822.0,2329.497
4834,600893.SH,19980810,8.78,8.8,8.35,8.38,8.81,-0.43,-4.88,3855.0,3296.561
4835,600893.SH,19980807,9.0,9.0,8.8,8.81,8.95,-0.14,-1.56,2753.0,2444.908
4836,600893.SH,19980806,9.15,9.15,8.93,8.95,9.07,-0.12,-1.32,1238.0,1114.439
4837,600893.SH,19980805,9.0,9.07,8.88,9.07,8.97,0.1,1.11,2362.0,2113.378
4838,600893.SH,19980804,9.06,9.08,8.88,8.97,9.1,-0.13,-1.43,3563.0,3179.997
4839,600893.SH,19980803,9.02,9.35,9.02,9.1,9.22,-0.12,-1.3,1566.0,1426.912
4840,600893.SH,19980731,9.29,9.33,9.18,9.22,9.29,-0.07,-0.75,1833.0,1688.89
4841,600893.SH,19980730,9.2,9.36,9.13,9.29,9.1,0.19,2.09,2167.0,2002.506
4842,600893.SH,19980729,9.08,9.24,9.08,9.1,9.2,-0.1,-1.09,1674.0,1532.7
4843,600893.SH,19980728,9.02,9.25,9.0,9.2,9.03,0.17,1.88,2346.0,2145.111
4844,600893.SH,19980727,9.25,9.25,8.98,9.03,9.18,-0.15,-1.63,3327.0,3003.277
4845,600893.SH,19980724,9.26,9.34,9.15,9.18,9.26,-0.08,-0.86,2920.0,2692.024
4846,600893.SH,19980723,8.94,9.27,8.94,9.26,8.94,0.32,3.58,3521.0,3219.783
4847,600893.SH,19980722,9.08,9.08,8.89,8.94,9.08,-0.14,-1.54,3020.0,2701.109
4848,600893.SH,19980721,9.0,9.19,8.88,9.08,8.93,0.15,1.68,2131.0,1914.866
4849,600893.SH,19980720,9.2,9.21,8.87,8.93,9.2,-0.27,-2.93,4500.0,4038.947
4850,600893.SH,19980717,9.35,9.4,9.16,9.2,9.4,-0.2,-2.13,4737.0,4373.844
4851,600893.SH,19980716,9.42,9.58,9.25,9.4,9.41,-0.01,-0.11,2489.0,2346.529
4852,600893.SH,19980715,9.38,9.5,9.26,9.41,9.4,0.01,0.11,2218.0,2076.43
4853,600893.SH,19980714,9.77,9.77,9.4,9.4,9.78,-0.38,-3.89,2712.0,2603.053
4854,600893.SH,19980713,9.69,9.8,9.56,9.78,9.7,0.08,0.82,2963.0,2856.193
4855,600893.SH,19980710,9.42,9.73,9.4,9.7,9.39,0.31,3.3,3379.0,3237.134
4856,600893.SH,19980709,9.58,9.59,9.33,9.39,9.52,-0.13,-1.37,2397.0,2259.263
4857,600893.SH,19980708,9.54,9.61,9.5,9.52,9.59,-0.07,-0.73,2168.0,2070.899
4858,600893.SH,19980707,9.29,9.6,9.1,9.59,9.3,0.29,3.12,5157.0,4756.24
4859,600893.SH,19980706,9.65,9.65,9.28,9.3,9.65,-0.35,-3.63,4236.0,3985.892
4860,600893.SH,19980703,9.78,9.78,9.63,9.65,9.69,-0.04,-0.41,4041.0,3917.066
4861,600893.SH,19980702,9.62,9.76,9.45,9.69,9.6,0.09,0.94,4527.0,4335.138
4862,600893.SH,19980701,10.1,10.26,9.6,9.6,9.89,-0.29,-2.93,8700.0,8525.367
4863,600893.SH,19980630,10.15,10.15,9.83,9.89,10.11,-0.22,-2.18,3750.0,3742.04
4864,600893.SH,19980629,10.25,10.35,10.08,10.11,10.15,-0.04,-0.39,5303.0,5404.812
4865,600893.SH,19980626,10.11,10.2,10.06,10.15,10.1,0.05,0.5,3553.0,3596.917
4866,600893.SH,19980625,10.29,10.33,10.03,10.1,10.29,-0.19,-1.85,5585.0,5660.311
4867,600893.SH,19980624,10.4,10.4,10.15,10.29,10.42,-0.13,-1.25,7423.0,7589.424
4868,600893.SH,19980623,10.5,10.61,10.35,10.42,10.62,-0.2,-1.88,4386.0,4569.108
4869,600893.SH,19980622,10.5,10.69,10.42,10.62,10.4,0.22,2.12,6288.0,6647.45
4870,600893.SH,19980619,10.3,10.47,10.24,10.4,10.25,0.15,1.46,4393.0,4546.967
4871,600893.SH,19980618,10.18,10.35,10.18,10.25,10.15,0.1,0.99,3356.0,3440.126
4872,600893.SH,19980617,10.18,10.3,10.1,10.15,10.15,0.0,0.0,3485.0,3555.3
4873,600893.SH,19980616,10.18,10.18,9.98,10.15,10.2,-0.05,-0.49,11016.0,11037.886
4874,600893.SH,19980615,10.54,10.58,10.16,10.2,10.5,-0.3,-2.86,5627.0,5824.035
4875,600893.SH,19980612,10.6,10.67,10.35,10.5,10.3,0.2,1.94,5929.0,6218.648
4876,600893.SH,19980611,10.5,10.55,10.2,10.3,10.44,-0.14,-1.34,5398.0,5557.528
4877,600893.SH,19980610,10.7,10.79,10.36,10.44,10.7,-0.26,-2.43,7322.0,7675.981
4878,600893.SH,19980609,11.25,11.25,10.5,10.7,11.2,-0.5,-4.46,9566.0,10369.288
4879,600893.SH,19980608,11.2,11.46,11.2,11.2,11.14,0.06,0.54,6506.0,7346.423
4880,600893.SH,19980605,11.13,11.3,11.01,11.14,11.2,-0.06,-0.54,14734.0,16329.565
4881,600893.SH,19980604,11.5,11.52,11.16,11.2,11.48,-0.28,-2.44,8722.0,9841.31
4882,600893.SH,19980603,11.35,11.6,11.22,11.48,11.31,0.17,1.5,10344.0,11786.751
4883,600893.SH,19980602,11.73,11.73,11.27,11.31,11.64,-0.33,-2.84,15851.0,18088.931
4884,600893.SH,19980601,11.0,11.86,10.96,11.64,11.0,0.64,5.82,34123.0,39060.109
4885,600893.SH,19980529,11.21,11.35,10.86,11.0,10.98,0.02,0.18,10185.0,11192.87
4886,600893.SH,19980527,11.21,11.28,10.85,10.98,11.2,-0.22,-1.96,11389.0,12537.148
4887,600893.SH,19980526,11.0,11.45,10.87,11.2,10.83,0.37,3.42,12141.0,13586.813
4888,600893.SH,19980525,10.98,11.18,10.78,10.83,10.85,-0.02,-0.18,12461.0,13597.886
4889,600893.SH,19980522,11.0,11.15,10.8,10.85,10.88,-0.03,-0.28,10485.0,11466.084
4890,600893.SH,19980521,11.04,11.18,10.8,10.88,11.04,-0.16,-1.45,8582.0,9395.079
4891,600893.SH,19980520,11.45,11.49,10.92,11.04,11.4,-0.36,-3.16,12962.0,14498.692
4892,600893.SH,19980519,10.38,11.56,10.38,11.4,11.11,0.29,2.61,19080.0,21613.34
4893,600893.SH,19980518,11.35,11.44,10.98,11.11,11.18,-0.07,-0.63,14025.0,15668.272
4894,600893.SH,19980515,11.08,11.39,10.92,11.18,11.0,0.18,1.64,22618.0,25360.332
4895,600893.SH,19980514,11.0,11.2,10.8,11.0,10.89,0.11,1.01,17344.0,19058.812
4896,600893.SH,19980513,10.8,11.3,10.78,10.89,10.8,0.09,0.83,21598.0,23804.97
4897,600893.SH,19980512,11.21,11.53,10.7,10.8,11.2,-0.4,-3.57,29695.0,33030.592
4898,600893.SH,19980511,10.4,11.37,10.4,11.2,10.34,0.86,8.32,86347.0,96522.362
4899,600893.SH,19980508,10.06,10.35,10.02,10.34,10.11,0.23,2.28,9974.0,10150.276
4900,600893.SH,19980507,10.53,10.59,10.1,10.11,10.53,-0.42,-3.99,7875.0,8141.74
4901,600893.SH,19980506,10.25,10.55,10.15,10.53,10.25,0.28,2.73,10144.0,10500.93
4902,600893.SH,19980505,10.4,10.45,10.2,10.25,10.37,-0.12,-1.16,9052.0,9306.483
4903,600893.SH,19980504,10.37,10.5,10.31,10.37,10.35,0.02,0.19,8146.0,8475.247
4904,600893.SH,19980430,10.66,10.69,10.31,10.35,10.54,-0.19,-1.8,10280.0,10705.886
4905,600893.SH,19980429,10.8,10.9,10.5,10.54,10.75,-0.21,-1.95,9167.0,9710.395
4906,600893.SH,19980428,10.65,10.95,10.65,10.75,10.61,0.14,1.32,10794.0,11647.239
4907,600893.SH,19980427,10.61,10.74,10.48,10.61,10.49,0.12,1.14,12008.0,12742.386
4908,600893.SH,19980424,10.6,10.87,10.48,10.49,10.6,-0.11,-1.04,21864.0,23317.006
4909,600893.SH,19980423,10.2,10.69,10.08,10.6,10.13,0.47,4.64,24945.0,25965.734
4910,600893.SH,19980422,10.0,10.24,9.92,10.13,10.0,0.13,1.3,10091.0,10124.084
4911,600893.SH,19980421,10.23,10.35,10.0,10.0,10.23,-0.23,-2.25,9220.0,9366.072
4912,600893.SH,19980420,9.78,10.35,9.71,10.23,9.94,0.29,2.92,13185.0,13346.37
4913,600893.SH,19980417,9.83,10.19,9.68,9.94,9.87,0.07,0.71,8428.0,8431.76
4914,600893.SH,19980416,10.05,10.07,9.87,9.87,10.04,-0.17,-1.69,5244.0,5218.862
4915,600893.SH,19980415,9.95,10.05,9.9,10.04,9.95,0.09,0.9,5977.0,5972.894
4916,600893.SH,19980414,10.1,10.2,9.81,9.95,10.05,-0.1,-1.0,5765.0,5740.976
4917,600893.SH,19980413,10.05,10.3,9.96,10.05,9.96,0.09,0.9,9107.0,9193.682
4918,600893.SH,19980410,9.98,10.21,9.91,9.96,10.16,-0.2,-1.97,6911.0,6936.641
4919,600893.SH,19980409,10.18,10.5,10.02,10.16,10.12,0.04,0.4,11492.0,11795.261
4920,600893.SH,19980408,10.0,10.18,9.98,10.12,9.98,0.14,1.4,10155.0,10252.16
4921,600893.SH,19980407,10.2,10.28,9.86,9.98,10.2,-0.22,-2.16,6657.0,6680.254
4922,600893.SH,19980406,9.76,10.2,9.58,10.2,9.76,0.44,4.51,13559.0,13368.25
4923,600893.SH,19980403,9.77,9.9,9.58,9.76,9.77,-0.01,-0.1,7071.0,6879.623
4924,600893.SH,19980402,9.55,9.94,9.55,9.77,9.55,0.22,2.3,9854.0,9617.297
4925,600893.SH,19980401,9.8,9.8,9.5,9.55,9.74,-0.19,-1.95,4988.0,4782.225
4926,600893.SH,19980331,9.62,9.85,9.48,9.74,9.6,0.14,1.46,5554.0,5378.688
4927,600893.SH,19980330,9.42,9.77,9.22,9.6,9.38,0.22,2.35,6663.0,6308.719
4928,600893.SH,19980327,9.15,9.48,9.1,9.38,9.15,0.23,2.51,6457.0,5983.644
4929,600893.SH,19980326,9.46,9.58,9.1,9.15,9.42,-0.27,-2.87,5965.0,5519.017
4930,600893.SH,19980325,9.7,9.7,9.38,9.42,9.46,-0.04,-0.42,4963.0,4724.001
4931,600893.SH,19980324,9.7,9.7,9.4,9.46,9.62,-0.16,-1.66,4832.0,4592.686
4932,600893.SH,19980323,9.75,9.75,9.58,9.62,9.75,-0.13,-1.33,3297.0,3170.486
4933,600893.SH,19980320,10.0,10.0,9.7,9.75,9.88,-0.13,-1.32,2104.0,2061.556
4934,600893.SH,19980319,9.85,9.94,9.85,9.88,9.9,-0.02,-0.2,1424.0,1409.713
4935,600893.SH,19980318,10.08,10.08,9.88,9.9,10.08,-0.18,-1.79,1953.0,1938.998
4936,600893.SH,19980317,9.85,10.08,9.7,10.08,9.85,0.23,2.34,3582.0,3514.907
4937,600893.SH,19980316,9.99,9.99,9.58,9.85,9.99,-0.14,-1.4,5113.0,4963.603
4938,600893.SH,19980313,9.95,10.05,9.78,9.99,9.95,0.04,0.4,3440.0,3407.275
4939,600893.SH,19980312,10.23,10.23,9.9,9.95,10.17,-0.22,-2.16,4567.0,4565.239
4940,600893.SH,19980311,10.11,10.36,10.1,10.17,10.11,0.06,0.59,2792.0,2845.249
4941,600893.SH,19980310,10.18,10.22,10.03,10.11,10.16,-0.05,-0.49,3949.0,3994.808
4942,600893.SH,19980309,10.31,10.4,10.14,10.16,10.28,-0.12,-1.17,5237.0,5340.164
4943,600893.SH,19980306,10.26,10.37,10.14,10.28,10.17,0.11,1.08,5420.0,5547.021
4944,600893.SH,19980305,10.33,10.33,10.11,10.17,10.3,-0.13,-1.26,5490.0,5594.699
4945,600893.SH,19980304,10.25,10.36,10.18,10.3,10.18,0.12,1.18,4650.0,4761.623
4946,600893.SH,19980303,10.2,10.3,10.1,10.18,10.16,0.02,0.2,5102.0,5185.689
4947,600893.SH,19980302,10.4,10.49,10.0,10.16,10.5,-0.34,-3.24,7266.0,7429.289
4948,600893.SH,19980227,10.8,10.8,10.48,10.5,10.69,-0.19,-1.78,4604.0,4845.111
4949,600893.SH,19980226,10.46,10.75,10.38,10.69,10.55,0.14,1.33,4856.0,5110.82
4950,600893.SH,19980225,10.85,10.9,10.5,10.55,10.89,-0.34,-3.12,5058.0,5412.843
4951,600893.SH,19980224,11.01,11.03,10.84,10.89,11.0,-0.11,-1.0,5270.0,5769.017
4952,600893.SH,19980223,11.25,11.25,10.88,11.0,11.25,-0.25,-2.22,9965.0,10957.735
4953,600893.SH,19980220,11.68,11.68,11.23,11.25,11.53,-0.28,-2.43,13013.0,14813.847
4954,600893.SH,19980219,11.11,11.58,11.11,11.53,11.11,0.42,3.78,20820.0,23607.015
4955,600893.SH,19980218,10.92,11.25,10.8,11.11,10.86,0.25,2.3,14190.0,15690.368
4956,600893.SH,19980217,11.0,11.18,10.79,10.86,10.99,-0.13,-1.18,4973.0,5415.674
4957,600893.SH,19980216,10.8,11.06,10.71,10.99,10.85,0.14,1.29,9324.0,10190.449
4958,600893.SH,19980213,11.0,11.06,10.8,10.85,10.99,-0.14,-1.27,4940.0,5387.123
4959,600893.SH,19980212,11.15,11.34,10.95,10.99,11.1,-0.11,-0.99,6785.0,7564.145
4960,600893.SH,19980211,11.01,11.2,10.9,11.1,11.0,0.1,0.91,8434.0,9317.504
4961,600893.SH,19980210,10.79,11.35,10.58,11.0,10.89,0.11,1.01,21157.0,23544.437
4962,600893.SH,19980209,11.18,11.2,10.74,10.89,10.7,0.19,1.78,4671.0,5082.44
4963,600893.SH,19980123,10.65,10.89,10.57,10.7,10.57,0.13,1.23,3731.0,4002.27
4964,600893.SH,19980122,10.61,10.68,10.55,10.57,10.66,-0.09,-0.84,4325.0,4587.152
4965,600893.SH,19980121,10.62,10.85,10.55,10.66,10.6,0.06,0.57,3085.0,3289.944
4966,600893.SH,19980120,10.65,10.85,10.45,10.6,10.75,-0.15,-1.4,4808.0,5098.572
4967,600893.SH,19980119,10.9,10.9,10.56,10.75,10.86,-0.11,-1.01,5496.0,5876.942
4968,600893.SH,19980116,10.99,11.18,10.85,10.86,11.18,-0.32,-2.86,7059.0,7763.391
4969,600893.SH,19980115,11.45,11.45,10.9,11.18,11.45,-0.27,-2.36,16195.0,18129.582
4970,600893.SH,19980114,10.46,11.45,10.46,11.45,10.41,1.04,9.99,20001.0,21823.662
4971,600893.SH,19980113,10.67,11.0,9.73,10.41,10.81,-0.4,-3.7,16814.0,17539.966
4972,600893.SH,19980112,10.68,11.28,10.48,10.81,10.49,0.32,3.05,13558.0,14834.009
4973,600893.SH,19980109,10.3,10.77,10.3,10.49,10.5,-0.01,-0.1,6342.0,6651.032
4974,600893.SH,19980108,10.8,10.8,10.5,10.5,10.78,-0.28,-2.6,4330.0,4607.465
4975,600893.SH,19980107,10.98,10.98,10.64,10.78,10.65,0.13,1.22,8010.0,8645.511
4976,600893.SH,19980106,10.75,10.85,10.4,10.65,10.78,-0.13,-1.21,5651.0,5996.392
4977,600893.SH,19980105,10.48,10.88,10.39,10.78,10.47,0.31,2.96,9442.0,10082.323
4978,600893.SH,19971231,10.4,10.68,10.27,10.47,10.34,0.13,1.26,5909.0,6191.308
4979,600893.SH,19971230,10.46,10.56,10.28,10.34,10.43,-0.09,-0.86,2872.0,2978.233
4980,600893.SH,19971229,10.55,10.6,10.3,10.43,10.38,0.05,0.48,7001.0,7340.556
4981,600893.SH,19971226,10.3,10.66,10.25,10.38,10.2,0.18,1.76,4362.0,4541.005
4982,600893.SH,19971225,10.4,10.4,10.16,10.2,10.36,-0.16,-1.54,3696.0,3788.413
4983,600893.SH,19971224,10.22,10.41,10.02,10.36,10.22,0.14,1.37,6123.0,6204.546
4984,600893.SH,19971223,10.48,10.49,10.16,10.22,10.35,-0.13,-1.26,6704.0,6891.485
4985,600893.SH,19971222,10.65,10.65,10.28,10.35,10.61,-0.26,-2.45,7800.0,8086.809
4986,600893.SH,19971219,10.7,10.78,10.25,10.61,10.25,0.36,3.51,15403.0,16236.454
4987,600893.SH,19971218,10.2,10.38,10.15,10.25,10.3,-0.05,-0.49,4472.0,4589.434
4988,600893.SH,19971217,10.75,10.9,10.25,10.3,10.5,-0.2,-1.9,20619.0,22022.652
4989,600893.SH,19971216,10.11,10.54,10.0,10.5,10.1,0.4,3.96,13263.0,13673.532
4990,600893.SH,19971215,10.02,10.15,9.95,10.1,10.0,0.1,1.0,4182.0,4198.673
4991,600893.SH,19971212,10.16,10.17,9.9,10.0,10.11,-0.11,-1.09,5735.0,5767.654
4992,600893.SH,19971211,10.35,10.47,9.95,10.11,9.89,0.22,2.22,9211.0,9333.104
4993,600893.SH,19971210,10.8,10.85,10.51,10.61,10.8,-0.19,-1.76,12152.0,12929.605
4994,600893.SH,19971209,10.63,10.95,10.63,10.8,10.67,0.13,1.22,6248.0,6712.063
4995,600893.SH,19971208,10.8,10.98,10.65,10.67,10.77,-0.1,-0.93,3325.0,3594.697
4996,600893.SH,19971205,10.62,10.98,10.51,10.77,10.55,0.22,2.09,6976.0,7533.09
4997,600893.SH,19971204,10.4,10.65,10.39,10.55,10.45,0.1,0.96,2992.0,3139.722
4998,600893.SH,19971203,10.7,10.85,10.4,10.45,10.75,-0.3,-2.79,1548.0,1641.849
4999,600893.SH,19971202,10.64,10.96,10.64,10.75,10.64,0.11,1.03,1982.0,2141.157
